- (2317,1),(167,1),(303,1),(307,1),(446,1),(2034,1),(2148,1)	
0 (2571,1)	
1-Bordered (1139,1)	
1D (2022,1)	
2 (1884,1),(650,1)	
2-bit (717,1)	
2016 (585,1)	
2D (304,1),(74,1)	
3n (1388,1)	
5 (1018,1),(570,1),(596,1)	
A (1106,1),(1663,1),(1719,1)	
Absolute (1685,1),(1818,1),(1906,1),(530,1),(1131,1)	
Active (1817,1)	
Add (2,1),(211,1),(2235,1),(989,1)	
Adding (2109,1)	
Additive (306,1)	
Adjacent (1042,1),(1505,1),(1703,1),(1743,1),(777,1)	
After (1619,1),(1750,1),(1846,1),(2160,1),(2209,1),(2322,1),(2593,1),(315,1),(2458,1),(957,1),(1505,1),(1945,1),(2106,1),(2135,1),(1493,1),(861,1)	
Alert (1604,1)	
All (1461,1),(1575,1),(2150,1),(442,1),(1047,1),(1209,1),(1359,1),(1443,1),(828,1),(864,1),(1557,1),(1997,1),(2602,1)	
Allocate (1478,1)	
Allocated (2226,1)	
Alternately (1768,1),(1115,1)	
Alternating (1911,1),(2170,1),(693,1)	
Altitude (1732,1)	
Amount (2335,1)	
Anagram (242,1)	
Anagrams (438,1)	
Analysis (1084,1),(1158,1),(511,1)	
Ancestor (1483,1)	
And (833,1)	
Another (1452,1),(1764,1),(572,1)	
Ants (1503,1)	
Any (1581,1),(1589,1)	
Are (1365,1),(1497,1),(1893,1)	
Arithmetic (1307,1)	
Arrangement (526,1)	
Array (1649,1),(167,1),(1887,1),(2022,2),(215,1),(2150,1),(2341,1),(2433,1),(1920,1),(1982,1),(2091,1),(2635,1),(442,1),(1685,1),(2172,1),(2521,1),(2657,1),(905,1),(1674,1),(189,1),(2161,1),(2547,1),(2587,1),(941,1),(1296,1),(1535,1),(1968,1),(2190,1),(2602,1),(2675,1),(659,1),(1043,1),(1979,1),(2176,1),(1146,1),(1814,1),(453,1),(842,1),(912,1),(1300,1),(2183,1),(2206,1),(2448,1),(457,1),(945,1)	
Arrays (1460,1),(1662,1),(1879,1),(2513,1),(2605,1),(1442,1)	
Arrive (1883,1)	
Assigning (826,1)	
At (1050,1),(747,1)	
Attended (1353,1)	
Average (1968,1),(2455,1),(637,1),(1825,1)	
Averages (2090,1),(2465,1)	
BBB (984,1)	
BST (653,1)	
BSTs (1932,1)	
Back (1670,1)	
Backspace (844,1)	
Bags (2279,1)	
Balance (1541,1)	
Balanced (1653,1)	
Balloons (452,1)	
Balls (1552,1),(1648,1),(1769,1)	
Bank (1587,1),(1716,1),(2100,1)	
Barcodes (1054,1)	
Bars (1833,1)	
Base (1009,1)	
Based (2468,1)	
Basket (2517,1)	
Battleships (419,1)	
Be (1160,1),(1751,1),(2385,1)	
Beauty (1781,1),(2012,1)	
Best (122,1),(188,1)	
Between (2058,1),(2399,1),(2535,1),(1509,1),(1552,1),(1592,1),(1637,1),(1981,1)	
Biggest (1878,1)	
Binary (103,1),(107,1),(110,1),(1104,1),(1375,1),(235,1),(257,1),(965,1),(998,1),(1016,1),(2556,1),(671,1),(693,1),(1339,1),(1702,1),(1261,1),(1980,1),(2196,1),(99,1),(2471,1),(543,1),(606,1),(701,1),(958,1),(987,1),(1379,1),(1382,1),(297,1),(558,1),(617,1),(95,1),(1038,1),(114,1),(1290,1),(2673,1)	
Bit (2220,1)	
Bits (762,1)	
Bitwise (2411,1),(2419,1),(2275,1)	
Bitwise-OR (2044,1)	
Blacklist (710,1)	
Bloom (2251,1)	
Booking (2286,1)	
Bookings (1109,1)	
Boomerang (1037,1)	
Boring (620,1)	
Box (1742,1)	
Brace (1096,1)	
Break (1328,1)	
Bricks (803,1)	
Budget (2398,1)	
Building (1840,1),(1642,1)	
Buildings (2222,1)	
Bus (1204,1)	
Buy (122,1),(188,1)	
Buying (2144,1)	
By (1018,1),(2631,1),(905,1)	
Calculate (1716,1),(1873,1),(2243,1)	
Calculator (227,1)	
Can (1725,1),(1790,1),(1798,1),(1420,1),(1442,1),(1970,1),(2018,1),(2201,1),(605,1),(1222,1),(1886,1)	
Candies (2226,1),(1298,1)	
Candy (1744,1)	
Capital (520,1)	
Car (1776,1),(818,1)	
Cards (950,1),(1423,1),(914,1)	
Carpet (2271,1)	
Carpets (2209,1)	
Cars (2594,1)	
Catch (2332,1)	
Categories (1907,1)	
Cells (2257,1),(2617,1),(1252,1),(2194,1)	
Chair (1942,1)	
Champagne (799,1)	
Changing (2567,1)	
Character (1638,1),(2213,1),(387,1),(424,1)	
Characters (1941,1),(1996,1),(3,1),(1002,1),(1358,1),(1446,1),(1897,1),(2531,1),(395,1)	
Cheapest (787,1)	
Check (1497,1),(1662,1),(1941,1),(2124,1),(2399,1),(1585,1),(1640,1),(1790,1),(1893,1),(2018,1),(2267,1),(2319,1)	
Checker (420,1)	
Cherry (741,1),(1463,1)	
Choose (2554,1)	
Chosen (1981,1)	
Cinema (1386,1)	
Circle (2481,1),(478,1)	
Circular (622,1),(1238,1),(1560,1),(2682,1),(457,1)	
City (1029,1),(1436,1)	
Closest (1300,1),(1362,1),(1755,1),(1847,1),(2239,1)	
Code (804,1)	
Coin (518,1)	
Coins (441,1),(1561,1),(2218,1),(2603,1)	
Collect (1954,1),(2603,1)	
Collision (735,1)	
Collisions (2211,1)	
Colony (1916,1)	
Color (1812,1)	
Colored (2038,1)	
Colorful (1578,1)	
Colors (1129,1),(2078,1)	
Column (168,1),(171,1)	
Columns (2639,1),(1072,1)	
Combination (40,1)	
Combinations (2056,1)	
Common (1979,1),(2657,1),(952,1)	
Companies (1452,1)	
Compete (1900,1)	
Competition (2358,1),(2383,1)	
Complement (476,1)	
Complete (2244,1),(2589,1)	
Completing (748,1)	
Component (952,1)	
Components (2685,1)	
Composition (2629,1)	
Concatenation (1640,1),(1680,1),(30,1)	
Conditions (2610,1)	
Connected (1319,1)	
Connection (685,1)	
Connectivity (1627,1)	
Consecutive (1040,1),(485,1),(180,1),(2177,1),(2379,1),(2526,1),(1004,1),(1033,1),(1550,1),(1576,1),(995,1)	
Consistent (1684,1)	
Construct (606,1)	
Container (2349,1)	
Containing (1358,1),(1637,1)	
Contains (1461,1),(219,1)	
Contaminated (1261,1)	
Contest (1633,1)	
Continuous (523,1),(581,1)	
Convert (2633,1),(1290,1),(1317,1),(1540,1)	
Cookies (455,1)	
Cooking (2162,1)	
Coordinate (1620,1),(1738,1)	
Corresponding (1379,1)	
Cost (983,1),(1368,1),(1584,1),(1595,1),(1896,1),(1937,1),(2662,1)	
Count (466,1),(1735,1),(1955,1),(1995,1),(2255,1),(2563,1),(1782,1),(2284,1),(2442,1),(2549,1),(2552,1),(730,1),(1504,1),(2145,1),(2211,1),(2266,1),(2376,1),(1922,1),(2006,1),(2581,1),(327,1),(811,1)	
Counts (1374,1)	
Course (1964,1)	
Courses (2050,1)	
Cousins (993,1),(2641,1)	
Covered (2397,1)	
Cracking (753,1)	
Cream (1833,1)	
Create (1389,1),(1932,1)	
Criteria (2525,1)	
Croaking (1419,1)	
Cross (1970,1)	
Customer (1581,1),(586,1)	
Cut (1547,1),(959,1)	
Cycle (2360,1)	
Cycles (1559,1)	
DI (903,1)	
DNA (187,1)	
Darts (1453,1)	
Data (432,1)	
Day (1185,1),(1970,1)	
Day? (1744,1)	
Days (1553,1),(1568,1)	
Deck (914,1)	
Decode (535,1)	
Delete (1957,1),(196,1),(2095,1),(237,1)	
Delivering (1687,1)	
Dependencies (1203,1)	
Depth (1111,1),(1614,1)	
Deque (641,1)	
Deserialize (297,1)	
Design (2241,1),(2296,1),(2502,1),(355,1),(641,1),(1912,1)	
Dessert (1774,1)	
Destination (1976,1),(2045,1)	
Destroying (2126,1)	
Determine (1812,1),(2446,1)	
Diagonally (1329,1)	
Diameter (543,1)	
Dice (1223,1)	
Dictionary (524,1),(953,1)	
Diff (1438,1)	
Difference (2035,1),(2163,1),(2215,1),(2482,1),(2538,1),(2006,1),(1984,1),(389,1),(1218,1)	
Different (1931,1),(2246,1),(992,1)	
Digit (2231,1),(233,1)	
Digits (1505,1),(1736,1),(2520,1),(2553,1),(1291,1),(1295,1),(788,1),(1945,1),(2160,1)	
Directions (2096,1)	
Discount (2288,1),(1357,1)	
Disjoint (915,1)	
Distance (1030,1),(1184,1),(1320,1),(477,1)	
Distances (834,1)	
Distant (1054,1)	
Distinct (115,1),(1316,1),(940,1)	
Distributed (2064,1)	
Divide (2138,1),(2406,1),(2493,1)	
Divisible (1010,1),(1018,1),(2176,1),(2183,1),(2455,1),(974,1)	
Divisions (2155,1)	
Doll (354,1)	
Dot (1458,1)	
Double (1346,1)	
Doubled (954,1)	
Duplicate (217,1),(220,1),(316,1),(1089,1),(1948,1)	
Duplicates (83,1)	
Each (1434,1),(1731,1),(2516,1)	
Earliest (2136,1)	
Easy (1332,1),(1662,1),(2520,1),(520,1),(1002,1),(1200,1),(1486,1),(160,1),(942,1),(1266,1),(1365,1),(1688,1),(2586,1),(182,1),(2373,1),(326,1),(1974,1),(2315,1),(2319,1),(2553,1),(1394,1),(1417,1),(1527,1),(1952,1),(627,1),(1189,1),(1790,1),(2582,1),(917,1),(1211,1),(1758,1),(2605,1),(27,1),(414,1),(1413,1),(1460,1),(1640,1),(197,1),(696,1),(1619,1),(2395,1),(2667,1),(674,1),(1633,1),(2032,1),(205,1),(263,1),(1280,1),(2094,1),(733,1),(883,1),(1251,1),(1475,1),(175,1),(575,1),(70,2),(1185,1),(1945,1),(2160,1),(2652,1),(1581,1),(2670,1),(744,1),(836,1),(344,1),(876,1),(1075,1),(2418,1),(278,1),(292,1),(234,1),(2465,1),(766,1),(953,1),(586,1),(1534,1),(1710,1),(2124,1),(557,1),(2278,1),(2506,1),(748,1),(872,1),(1299,1),(1464,1),(1909,1),(2047,1),(993,1),(1013,1),(1295,1),(1967,1),(2469,1),(1978,1),(605,1),(1046,1),(193,1),(2609,1),(2656,1),(1431,1),(1725,1),(821,1),(1523,1),(171,1),(1608,1),(1732,1),(2351,1),(506,1),(762,1),(1897,1),(2399,1),(2535,1),(2634,1),(1071,1),(168,1),(1941,1),(461,1),(700,1),(1141,1),(1893,1),(2164,1),(476,1),(1068,1),(1592,1),(2432,1),(832,1),(1512,1),(1736,1),(2490,1),(2678,1),(1886,1),(1446,1),(1556,1),(1684,1),(1729,1),(645,1),(67,1),(704,1),(997,1)	
Edges (2508,1)	
Effort (1631,1)	
Element (1909,1),(230,1),(2454,1),(27,1),(34,1),(1493,1),(1707,1),(1901,1),(2535,1),(1299,1),(1846,1)	
Elements (2121,1),(2334,1),(2602,1),(347,1),(453,1),(1748,1),(1887,1),(1968,1)	
Eliminate (1921,1)	
Elimination (390,1)	
Emails (196,1)	
Employee (2432,1)	
Employees (181,1)	
Encode (535,1)	
Encoding (820,1)	
End (19,1)	
Enough (1954,1)	
Entity (1410,1)	
Equal (1897,1),(1941,1),(1318,1),(1208,1),(1343,1),(2447,1),(2546,1),(982,1),(1013,1),(1787,1),(2531,1),(1608,1),(1460,1),(1790,1),(2311,1),(2395,1),(1442,1)	
Equalize (2423,1)	
Equals (1546,1)	
Equation (1499,1)	
Equations (990,1)	
Equivalent (1662,1)	
Escape (789,1)	
Evaluate (150,1)	
Even (1116,1),(1295,1),(2094,1),(2164,1),(975,1)	
Events (1353,1),(2446,1)	
Every (1357,1)	
Everyone (2037,1)	
Exactly (1420,1),(2656,1)	
Examinations (1280,1)	
Exchange (626,1)	
Exclusive (636,1)	
Execution (2120,1)	
Exist (1346,1)	
Existence (1697,1)	
Exists (2441,1)	
Expansion (1096,1)	
Express (964,1)	
Expression (10,1),(2232,1)	
Expressive (809,1)	
Extracted (2201,1)	
Factor (952,1)	
Fair (1664,1)	
Fancy (1957,1)	
Far (1162,1)	
Fertile (2088,1)	
Fewest (1240,1)	
Find (2420,1),(2640,1),(448,1),(1261,1),(1371,1),(1779,1),(2215,1),(2156,1),(389,1),(833,1),(1283,1),(1489,1),(1562,1),(1980,1),(1379,1),(1823,1),(2200,1),(943,1),(2273,1),(2527,1),(2644,1),(1397,1),(154,1),(1991,1),(2028,1)	
Finding (1825,1),(1865,1)	
Finish (1986,1)	
First (2351,1),(278,1),(34,1),(41,1)	
Fish (2658,1)	
Fix (1667,1)	
Flip (2556,1)	
Flips (995,1),(1529,1),(1888,1)	
Flood (1488,1)	
Flowers (605,1)	
Following (2190,1)	
FooBar (1115,1)	
Food (1174,1)	
For (1007,1),(1072,1)	
Forest (781,1)	
Form (1639,1),(1785,1),(1899,1)	
Formed (1160,1)	
Four (1390,1),(2160,1)	
Fractions (1447,1)	
Frequency (1170,1)	
Frequent (692,1)	
Fresh (1815,1)	
Friend (2076,1)	
Friends (1311,1)	
From (1028,1),(1130,1),(1707,1),(1743,1),(2007,1),(2487,1),(2605,1)	
Front (1670,1)	
Fruits (2561,1)	
Full (2279,1),(2136,1)	
Function (2650,1),(793,1),(1521,1),(1558,1),(2629,1)	
GCD (2447,1)	
Gain/Loss (1393,1)	
Game (45,1),(1871,1),(1996,1),(2029,1),(292,1),(289,1),(810,1),(1145,1),(1406,1),(1563,1),(1927,1)	
Gas (134,1)	
Generate (22,1),(2648,1)	
Get (1569,1),(1646,1),(2379,1),(1561,1)	
Given (1663,1),(828,1),(949,1),(1450,1),(1605,1),(1982,1),(2161,1),(1164,1),(1498,1)	
Goal (1678,1)	
Goat (824,1)	
Good (1250,1),(1397,1),(1793,1),(1922,1),(2420,1)	
Graph (133,1),(2360,1)	
Great (2518,1)	
Greater (1019,1),(2148,1),(496,1)	
Grid (1659,1),(2087,1),(2120,1),(2304,1)	
Group (1562,1),(2134,1)	
Groups (1815,1),(2074,1),(830,1)	
Guess (374,1)	
H2O (1117,1)	
HTML (1410,1)	
Hamming (1722,1)	
Hamsters (2086,1)	
Hand (846,1)	
Hard (1799,1),(2532,1),(552,1),(1223,1),(2213,1),(2286,1),(1649,1),(174,1),(2503,1),(1982,1),(262,1),(420,1),(871,1),(927,1),(1458,1),(2183,1),(2488,1),(2561,1),(2646,1),(1579,1),(2040,1),(2334,1),(2642,1),(1883,1),(1931,1),(2147,1),(1377,1),(1483,1),(1494,1),(1803,1),(273,1),(1847,1),(2448,1),(1542,1),(1601,1),(2499,1),(600,1),(1036,1),(1359,1),(1964,1),(2392,1),(354,1),(123,1),(1425,1),(2088,1),(2301,1),(233,1),(1520,1),(185,1),(493,1),(1568,1),(2440,1),(2543,1),(732,1),(2569,1),(882,1),(1553,1),(2514,1),(857,1),(1263,1),(1373,1),(1872,1),(42,1),(992,1),(1755,1),(1825,1),(2172,1),(2518,1),(1340,1),(1627,1),(956,1),(1032,1),(1388,1),(1766,1),(2312,1),(2617,1),(2547,1),(2565,1),(295,1),(952,1),(2132,1),(2242,1),(2246,1),(2426,1),(332,1),(68,1),(699,1),(879,1),(710,1),(828,1),(864,1),(1278,1),(1531,1),(2444,1),(446,1),(1289,1),(1960,1),(2338,1),(460,1),(736,1),(329,1),(60,1),(839,1),(127,1),(1326,1),(149,1),(2136,1),(2484,1),(1157,1),(1719,1),(1106,1),(1575,1),(798,1),(996,1),(1928,1),(2019,1),(321,1),(479,1),(761,1),(1751,1),(1681,1),(336,1),(691,1),(765,1)	
Harvested (2106,1)	
Has (2283,1)	
HashMap (706,1)	
Have (1374,1)	
Having (1467,1)	
Height (310,1),(406,1)	
Hidden (1736,1)	
Highest (1732,1),(1765,1),(2146,1)	
Hills (2210,1)	
Hours (2383,1)	
House (2560,1),(337,1)	
How (1365,1)	
I (729,1),(1193,1),(2554,1),(464,1)	
II (1040,1),(140,1),(1587,1),(375,1),(445,1),(522,1),(90,1),(955,1),(119,1),(137,1),(2665,1),(324,1),(47,1),(731,1),(210,1),(229,1),(672,1),(922,1),(122,1),(126,1),(768,1),(940,1)	
III (1201,1),(123,1),(1278,1),(556,1),(732,1)	
IP (468,1),(93,1)	
IPO (502,1)	
IV (550,1),(653,1),(770,1)	
Ideal (2338,1),(2370,1)	
Identical (2121,1)	
If (1232,1),(1250,1),(1346,1)	
Image (48,1)	
Importance (690,1)	
Impossible (2350,1)	
In (1041,1),(1104,1),(1287,1),(1669,1),(671,1),(840,1),(950,1)	
Increase (807,1)	
Increasing (329,1),(673,1),(897,1)	
Index (599,1),(724,1),(852,1)	
Indices (2200,1),(2420,1)	
Inequality (2426,1)	
Inorder (105,1)	
Insert (381,1),(701,1)	
Insertion (1881,1),(147,1)	
Instructions (1643,1)	
Integer (1309,1),(2441,1),(2485,1),(397,1),(1015,1)	
Integers (1481,1),(1805,1),(2178,1),(2376,1),(2442,1),(1317,1)	
Interchangeable (2001,1)	
Intersection (2248,1),(349,1)	
Intervals (2276,1),(915,1)	
Into (904,1),(1712,1),(2522,1),(2610,1)	
Invalid (1683,1),(301,1)	
Inversions (775,1)	
Invited (2127,1)	
Is (1585,1),(2267,1),(2319,1)	
Items (2146,1)	
Its (2443,1)	
Jewels (771,1)	
Jump (1871,1),(2498,1),(403,1),(45,1),(975,1)	
K (1481,1),(1540,1),(1621,1),(1959,1),(2006,1),(363,1),(1005,1),(2310,1),(1984,1),(2226,1),(2435,1),(2516,1),(2600,1),(1566,1),(2233,1),(2512,1),(2530,1),(862,1)	
K-Distant (2200,1)	
K-Length (2030,1)	
K-th (719,1)	
Key (1409,1),(1629,1)	
Key-Card (1604,1)	
Keys (650,1),(841,1)	
Knight (2596,1)	
Kth (1643,1),(2053,1),(2343,1),(2545,1),(378,1),(668,1)	
LCM (2470,1)	
LR (777,1)	
Labels (1090,1)	
Ladders (909,1)	
Land (2088,1)	
Largest (179,1),(1857,1),(2384,1),(410,1),(1509,1),(1754,1),(1985,1),(2373,1),(586,1),(1718,1),(1725,1)	
Last (1163,1),(1204,1),(1970,1),(34,1),(1046,1)	
Latest (1890,1)	
Lead (1466,1)	
Leaf (1130,1),(1530,1)	
Least (747,1),(1050,1),(570,1)	
Lemonade (860,1)	
Length (1567,1),(1750,1),(2414,1),(2461,1)	
Lengths (318,1)	
Less (1438,1)	
Letter (2351,1),(744,1),(784,1),(1079,1),(2131,1),(2135,1),(2278,1)	
Letters (2381,1)	
Level (102,1),(429,1)	
Levels (2415,1),(637,1)	
Lexicographically (2434,1)	
License (482,1)	
Limit (2637,1),(1438,1),(1760,1),(2468,1),(2622,1)	
Limited (1697,1)	
Line (195,1)	
Lines (2280,1)	
Linked (206,1),(2130,1),(114,1),(1290,1),(1669,1)	
List (2487,1),(876,1),(92,1),(986,1),(142,1),(1721,1),(234,1)	
Login (1890,1)	
Lonely (2150,1)	
Longest (2360,1),(2401,1),(5,1),(1048,1),(1143,1),(1147,1),(14,1),(1763,1),(522,1),(845,1),(687,1),(1044,1),(1392,1),(32,1),(409,1),(720,1)	
Lower (2309,1)	
Lowest (1123,1)	
Lucky (1394,1)	
Machine (1661,1)	
Majority (169,1)	
Make (2645,1),(1318,1),(1758,1),(1897,1),(1909,1),(2289,1),(2186,1),(2193,1),(2216,1),(1460,1),(1482,1),(1578,1),(1611,1),(1787,1),(2344,1),(2546,1),(1574,1),(1581,1),(1790,1),(960,1),(1347,1),(1798,1),(1864,1),(1963,1),(2531,1)	
Making (1487,1)	
Map (1765,1)	
Mapping (1309,1)	
Marbles (2551,1)	
Market (1158,1)	
Match (2301,1)	
Matching (1023,1),(44,1),(792,1)	
Matrix (378,1),(59,1),(73,1),(756,1),(1030,1),(1632,1),(2435,1),(2556,1)	
Max (807,1)	
Maximal (2530,1)	
Maximize (1330,1),(1808,1),(2207,1),(2555,1),(849,1)	
Maximum (1189,1),(164,1),(1691,1),(795,1),(2106,1),(2274,1),(2410,1),(1031,1),(1453,1),(1798,1),(1802,1),(2058,1),(670,1),(1255,1),(1707,1),(2234,1),(2472,1),(2517,1),(1464,1),(1938,1),(2542,1),(414,1),(2656,1),(1695,1),(1710,1),(1846,1),(2245,1),(2616,1),(2025,1),(2212,1),(2461,1),(2513,1),(421,1),(124,1),(1420,1),(1567,1),(1589,1),(2285,1),(1219,1),(1383,1),(2065,1),(689,1)	
Maze (1036,1)	
Medium (1375,1),(1481,1),(1625,1),(396,1),(48,1),(947,1),(1140,1),(1306,1),(1775,1),(2178,1),(2266,1),(1254,1),(1324,1),(2075,1),(2116,1),(1115,1),(1577,1),(907,1),(910,1),(2226,1),(554,1),(1559,1),(80,1),(826,1),(1456,1),(15,1),(2680,1),(1144,1),(1706,1),(1786,1),(1962,1),(2530,1),(954,1),(147,1),(1669,1),(998,1),(2240,1),(2523,1),(2615,1),(275,1),(983,1),(1328,1),(1904,1),(2064,1),(2244,1),(2428,1),(2567,1),(172,1),(1834,1),(129,1),(176,1),(2134,1),(334,1),(503,1),(518,1),(1045,1),(1764,1),(2673,1),(932,1),(1959,1),(2596,1),(462,1),(1573,1),(187,1),(1702,1),(763,1),(1027,1),(1937,1),(91,1),(62,1),(789,1),(2024,1),(2109,1),(2288,1),(1540,1),(1922,1),(2310,1),(2541,1),(59,1),(785,1),(950,1),(990,1),(114,1),(2280,1),(260,1),(40,1),(194,1),(2486,1),(2527,1),(2545,1),(2662,1),(451,1),(1562,1),(1760,1),(583,1),(2556,1),(1438,1),(2295,1),(1690,1),(1838,1),(235,1),(433,1),(550,1),(855,1),(1441,1),(150,1),(880,1),(921,1),(1621,1),(2208,1),(565,1),(143,1),(1492,1),(2390,1),(419,1),(576,1),(712,1),(848,1),(103,1),(1386,1),(1357,1),(1584,1),(385,1),(646,1),(107,1),(1104,1),(400,1),(378,1),(2105,1),(2442,1),(213,1),(2611,1),(701,1),(781,1),(1016,1),(1881,1),(1647,1),(1658,1),(2079,1),(837,1),(994,1),(1081,1),(1508,1),(918,1),(1023,1),(2684,1),(11,1),(2369,1),(2482,1),(2563,1),(316,1),(1191,1),(1371,1),(525,1),(958,1),(1038,1),(1195,1),(1753,1),(2501,1),(1339,1),(1401,1),(2145,1),(2222,1),(2332,1),(558,1),(73,1),(1247,1),(1797,1),(2406,1),(341,1),(95,1),(2181,1),(2192,1),(1823,1),(2233,1),(2358,1),(2439,1),(2622,1),(840,1),(1177,1),(1801,1),(2211,1),(309,1),(477,1),(602,1),(1452,1),(2017,1),(2086,1),(2149,1),(2592,1),(1393,1),(1980,1),(833,1),(866,1),(1155,1),(811,1),(1878,1),(2453,1),(2633,1),(686,1),(851,1),(1353,1),(1870,1),(1405,1),(1654,1),(1911,1),(2424,1),(2640,1),(1041,1),(1276,1),(2170,1),(2516,1),(1111,1),(1849,1),(1261,1),(2002,1),(165,1),(1717,1),(2457,1),(264,1),(767,1),(1283,1),(1504,1),(2013,1),(473,1),(1423,1),(1856,1),(33,1),(55,1),(99,1),(2130,1),(2512,1),(1551,1),(8,1),(1049,1),(1382,1),(198,1),(2196,1),(529,1),(1519,1),(1845,1),(2039,1),(969,1),(2284,1),(2471,1),(1070,1),(1162,1),(547,1),(822,1),(2420,1),(2497,1),(19,1),(1926,1),(279,1),(792,1),(877,1),(1052,1),(1409,1),(1599,1),(756,1),(77,1),(1218,1),(2365,1),(808,1),(2101,1),(738,1),(437,1),(491,1),(532,1),(873,1),(1302,1),(2336,1),(1915,1),(22,1),(2343,1),(752,1),(1034,1),(2028,1)	
Meeting (2402,1),(2127,1)	
Merge (56,1),(1754,1),(23,1)	
Message (2468,1),(2325,1)	
Middle (1991,1)	
Min (155,1),(746,1)	
Minimize (1981,1),(2429,1),(2513,1),(2616,1),(924,1),(928,1)	
Minimum (2481,1),(2540,1),(995,1),(1653,1),(1954,1),(2463,1),(2290,1),(452,1),(801,1),(1671,1),(1785,1),(1936,1),(1969,1),(599,1),(1000,1),(1312,1),(1419,1),(1888,1),(2045,1),(2379,1),(2577,1),(111,1),(1536,1),(1723,1),(2335,1),(1491,1),(1529,1),(2203,1),(2654,1),(1558,1),(1631,1),(2027,1),(2111,1),(2188,1),(2412,1),(2449,1),(2492,1),(1848,1),(1851,1),(2009,1),(76,1),(2162,1),(1217,1),(1547,1),(2144,1)	
Minimums (907,1)	
Mismatch (645,1)	
Missing (1965,1)	
Mode (501,1)	
Moment (1503,1)	
Monotone (738,1)	
Monotonic (896,1)	
Monthly (1193,1)	
More (1287,1),(1566,1)	
Most (1560,1),(1784,1),(2190,1),(2404,1)	
Moves (2027,1)	
Movie (1912,1)	
Multiple (1363,1)	
Multiplicity (923,1)	
Multiply (43,1)	
Mutating (1946,1)	
Mutation (433,1)	
My (731,1)	
N (1411,1),(1884,1)	
N-Repeated (961,1)	
N-ary (589,1)	
Naming (2306,1)	
Neighbors (1968,1)	
Network (1620,1)	
Next (116,1),(2048,1),(31,1),(556,1)	
No (1276,1),(363,1)	
Node (117,1),(2359,1),(450,1)	
Nodes (783,1),(882,1),(1171,1),(1315,1),(1557,1),(222,1),(2316,1),(24,1)	
Non-Increasing (1403,1)	
Non-Overlapping (1520,1),(1546,1)	
Non-Zero (1969,1)	
Non-overlapping (435,1),(497,1)	
Not (1452,1),(620,1)	
Nth (177,1),(878,1)	
Number (1207,1),(1456,1),(1519,1),(2318,1),(2406,1),(1276,1),(1915,1),(202,1),(792,1),(1610,1),(2086,1),(2222,1),(2398,1),(374,1),(1137,1),(1155,1),(1694,1),(2071,1),(1074,1),(1290,1),(1360,1),(260,1),(1353,1),(1481,1),(1742,1),(1775,1),(1944,1),(2006,1),(2471,1),(1731,1),(1937,1),(1955,1),(2266,1),(2343,1),(1375,1),(2585,1),(668,1),(1830,1),(1904,1),(2581,1),(264,1),(1254,1),(2563,1),(1434,1),(2475,1),(268,1),(2684,1),(547,1),(1526,1),(1621,1),(2358,1),(2442,1),(2493,1),(136,1),(1467,1),(1573,1),(1801,1),(1805,1),(2240,1),(2251,1),(2354,1),(693,1),(1577,2),(1786,1),(1977,1),(2259,1),(1269,1),(1342,2),(2336,1),(507,1)	
Numbers (2081,1),(2133,1),(2191,1),(357,1),(386,1),(445,1),(1022,1),(180,1),(728,1),(1558,1),(1073,1),(1352,1)	
Numeric (1663,1)	
Numerically (2048,1)	
O(1) (381,1)	
OR (2411,1)	
ORs (898,1)	
Obstacle (1964,1)	
Obtain (1423,1)	
Occurrences (1297,1),(1910,1),(2030,1)	
Odd (1588,1)	
Odds (1550,1)	
Of (1689,1),(1719,1)	
Off (675,1)	
On (1883,1)	
One (2085,1),(2225,1),(1404,1)	
Ones (1504,1),(2482,1)	
Online (1157,1),(901,1)	
Operation (583,1)	
Operations (1770,1),(2009,1),(2111,1),(2317,1),(2449,1),(2654,1)	
Operators (282,1)	
Optimal (2405,1)	
Oranges (1553,1)	
Order (1114,1),(1389,1)	
Ordered (1656,1)	
Orderly (899,1)	
Orders (1357,1),(1801,1)	
Original (2060,1)	
Others (747,1)	
Out (1503,1)	
Owner (1052,1)	
Pacific (417,1)	
Packaging (1889,1)	
Paint (1411,1),(1473,1)	
Painting (1943,1)	
Pair (719,1)	
Pairs (2316,1),(2341,1),(1913,1),(1865,1),(2352,1),(2426,1),(336,1),(493,1),(677,1),(1807,1),(1814,1),(2176,1),(2183,1),(2206,1),(24,1),(1010,1),(1803,1),(1128,1)	
Palindrome (1177,1),(125,1),(132,1),(1328,1),(1771,1),(866,1)	
Palindromic (5,1),(647,1),(2108,1)	
Parallel (1494,1)	
Parentheses (32,1),(856,1),(1190,1),(2232,1)	
Parser (1410,1),(1678,1)	
Partition (2294,1),(2405,1),(2522,1),(416,1),(698,1),(915,1)	
Partitioning (1745,1)	
Parts (1013,1)	
Pascal's (119,1)	
Password (420,1)	
Past (1141,1)	
Path (2556,1),(2662,1),(437,1),(1104,1),(1368,1),(1496,1)	
Paths (1080,1),(1301,1),(1466,1),(1697,1),(2203,1),(2328,1),(797,1),(980,1)	
Patients (1527,1)	
Pattern (890,1)	
People (1733,1),(2327,1)	
Per (1348,1)	
Percentage (1211,1),(1633,1),(2278,1)	
Performance (1383,1)	
Permutation (1220,1),(1734,1)	
Permutations (903,1)	
Philosophers (1226,1)	
Pivot (2485,1),(724,1)	
Place (1269,1)	
Places (1437,1)	
Placing (586,1)	
Plank (1503,1)	
Plate (1172,1)	
Play (511,1)	
Players (2225,1)	
Pointer (138,1)	
Pointers (117,1)	
Points (149,1),(2503,1)	
Polish (150,1)	
Pool (2636,2)	
Poor (458,1)	
Populating (116,1)	
Position (1515,1)	
Positions (830,1)	
Positive (2178,1)	
Possible (1162,1),(2581,1)	
Postorder (889,1)	
Potions (2300,1)	
Pow(x, (50,1)	
Powered (2528,1)	
Predict (486,1)	
Prefix-Aligned (1375,1)	
Preimage (793,1)	
Preorder (105,1),(589,1)	
Price (1164,1),(1333,1),(2646,1)	
Prices (1475,1)	
Primary (1789,1)	
Prime (2523,1),(866,1)	
Print (655,1)	
Probability (1227,1),(688,1)	
Process (1661,1)	
Product (1577,1),(1735,1),(2002,1),(2233,1),(628,1),(1070,1),(1339,1)	
Products (2584,1),(1327,1),(1484,1)	
Profit (1235,1)	
Promise (2637,1)	
Provinces (547,1)	
Puzzle (1178,1),(1307,1),(773,1)	
Pyramids (2088,1)	
Queries (2438,1)	
Query (1938,1),(304,1)	
Queue (622,1),(1670,1),(406,1)	
Radius (2090,1)	
Random (710,1),(138,1),(398,1),(497,1)	
Range (1803,1),(2080,1),(2194,1),(2554,1),(303,1),(307,1),(938,1)	
Reach (1210,1),(1654,1)	
Reachable (2543,1),(882,1)	
Rearrange (1795,1),(2587,1)	
Rearranged (2165,1)	
Rearrangements (1727,1)	
Recover (1028,1)	
Rectangle (1401,1),(363,1),(84,1)	
Rectangles (2001,1),(2250,1)	
Reduce (2571,1)	
Redundant (684,1)	
Reformat (1417,1)	
Refueling (871,1)	
Removal (2458,1)	
Remove (203,1),(2038,1),(2423,1),(83,1),(1910,1)	
Removed (1574,1)	
Removing (1717,1),(1753,1),(2273,1),(2390,1)	
Reorder (143,1)	
Repeated (1156,1),(2014,1)	
Replace (890,1),(1299,1),(2197,1)	
Replacement (397,1)	
Replacing (2507,1)	
Represented (558,1)	
Requests (1606,1)	
Reshape (566,1)	
Resizing (1959,1)	
Result (2259,1)	
Return (1110,1)	
Reveal (950,1)	
Reverse (1330,1),(151,1),(2074,1),(25,1),(1190,1)	
Right (117,1),(1299,1),(436,1)	
Rising (197,1)	
Roads (2662,1)	
Robber (2560,1),(337,1)	
Robot (2434,1),(874,1)	
Robots (2398,1)	
Roll (2318,1)	
Roman (13,1)	
Room (1847,1)	
Rooms (1916,1)	
Rope (1578,1)	
Rotate (189,1)	
Rotating (1914,1)	
Rotation (1886,1)	
Rotations (1007,1)	
Rounds (1900,1),(1904,1),(2244,1)	
Row (2500,1),(2643,1),(2661,1),(500,1),(515,1),(2133,1)	
Running (2141,1)	
Salary (627,1)	
Sales (1068,1)	
Same (1604,1),(2399,1)	
Sample (1093,1)	
Satisfying (2426,1)	
Scheduler (2365,1)	
Scheduling (1235,1)	
Score (2492,1),(856,1),(1947,1),(2155,1),(1770,1),(2049,1),(2302,1),(1301,1),(1422,1)	
Scores (1984,1)	
Search (1008,1),(108,1),(1268,1),(1305,1),(173,1),(669,1),(98,1)	
Seat (1386,1),(1845,1)	
Second (2045,1),(1796,1)	
Secret (2092,1)	
Segments (2555,1),(434,1)	
Self (335,1),(728,1)	
Sell (1648,1)	
Selling (1251,1)	
Senate (649,1)	
Sender (2284,1)	
Sentence (1832,1)	
Sequence (2350,1),(2648,1),(903,1),(936,1)	
Sequences (801,1)	
Servers (1882,1)	
Set (2162,1),(757,1)	
Sets (1621,1)	
Shapes (883,1)	
Shelves (1105,1)	
Shift (1260,1)	
Ship (1011,1)	
Shop (1475,1),(2483,1)	
Shortest (748,1),(821,1),(847,1),(1574,1)	
Shuffle (1528,1)	
Side (1292,1)	
Sideway (1824,1)	
Sign (2149,1)	
Simple (2043,1)	
Simulation (1223,1)	
Single (137,1),(1932,1),(540,1)	
Size (961,1),(1562,1),(2138,1)	
Skill (2491,1)	
Smaller (1365,1),(315,1)	
Smallest (2507,1),(2598,1),(2040,1),(1663,1),(1850,1),(1942,1),(2165,1),(2411,1),(798,1),(1061,1)	
Snail (2624,1)	
Snakes (909,1)	
Sold (1484,1)	
Sort (2366,1),(2418,1),(791,1),(1329,1),(1387,1),(1585,1),(2164,1)	
Sorted (1287,1),(1830,1),(33,1),(4,1),(88,1),(1508,1),(154,1),(26,1),(378,1),(80,1)	
Spaces (2109,1)	
Special (1582,1),(761,1)	
Speed (1870,1)	
Spent (1741,1),(2409,1)	
Spiral (59,1)	
Split (805,1),(1525,1),(1712,1),(2584,1)	
Splitted (1339,1)	
Splitting (2160,1)	
Square (1577,1),(1812,1),(2501,1),(367,1),(473,1)	
Squares (977,1)	
Stack (946,1)	
Stacking (1691,1)	
Stairs (70,2)	
Stamping (2132,1)	
Starting (988,1)	
State (794,1)	
Statements (2151,1)	
Stay (1269,1)	
Steps (1269,1),(1342,1)	
Still (1970,1)	
Stock (2034,1),(122,1),(188,1)	
Stone (1872,1)	
Stops (787,1),(871,1)	
Storage (1687,1)	
Store (981,1)	
Straights (846,1)	
Stream (2526,1)	
Strictly (1909,1)	
String (2053,1),(2390,1),(796,1),(1016,1),(1375,1),(1625,1),(686,1),(1221,1),(2255,1),(2262,1),(345,1),(1805,1),(2633,1),(767,1),(844,1),(1573,1),(1830,1),(2138,1),(606,1),(1849,1),(1980,1),(2116,1),(833,1),(1702,1),(2109,1),(880,1),(2486,1),(8,1),(1405,1),(1540,1),(1544,1),(2060,1)	
Strings (1657,1),(2023,1),(2416,1),(2559,1),(43,1),(1400,1),(1415,1)	
Strong (420,1)	
Students (1349,1)	
Sub (1905,1)	
Sub-Folders (1233,1)	
Sub-arrays (1524,1)	
Subarray (1856,1),(862,1),(907,1),(918,1),(1438,1),(1508,1),(1793,1)	
Subarrays (2302,1),(2470,1),(2537,1),(2588,1),(1712,1),(2261,1)	
Subdivided (882,1)	
Subjects (2356,1)	
Subrectangle (1476,1)	
Subsequence (2099,1),(2389,1),(2565,1),(516,1),(1403,1),(1425,1),(1755,1),(2370,1),(376,1),(446,1),(673,1)	
Subsequences (1332,1),(1930,1)	
Subsets (2044,1),(2572,1),(916,1)	
Substring (2213,1),(2301,1),(2606,1),(1234,1),(1542,1),(1946,1)	
Substrings (2472,1),(696,1),(1208,1),(1358,1),(1967,1)	
Subtracting (2357,1)	
Subtraction (2601,1)	
Subtree (2265,1),(508,1)	
Successful (2300,1)	
Suffix (745,1)	
Sum (2208,1),(2310,1),(2538,1),(2600,1),(363,1),(2130,1),(437,1),(653,1),(918,1),(907,1),(1074,1),(1508,1),(1775,1),(2035,1),(40,1),(404,1),(712,1),(1911,1),(2497,1),(2574,1),(862,1),(1038,1),(1302,1),(1588,1),(327,1),(891,1),(1155,1),(1317,1),(2428,1),(2435,1),(2578,1),(2615,1),(1005,1),(1191,1),(129,1),(1863,1)	
Summary (1587,1)	
Sums (2607,1)	
Swap (1722,1),(24,1)	
Swaps (1505,1),(1703,1),(1864,1),(1963,1)	
Symbol (779,1)	
System (2349,1)	
Tac (1275,1)	
Tag (591,1)	
Take (2558,1)	
Taking (1349,1)	
Tallest (956,1)	
Target (1210,1),(1449,1),(1526,1),(1074,1),(1155,1)	
Task (2365,1)	
Taught (2356,1)	
Teach (1733,1)	
Temperature (2469,1),(197,1)	
Than (1438,1),(363,1),(1287,1)	
That (2455,1),(1160,1),(1498,1),(1638,1),(1751,1)	
The (1337,1),(1890,1),(1942,1),(2019,1),(2433,1)	
There (2267,1)	
They (1282,1)	
Thousand (1556,1)	
Three (1363,1),(1550,1),(1712,1),(2177,1)	
Threshold (1283,1)	
Tic (1275,1)	
Tickets (983,1)	
Tile (1079,1)	
Tiles (2271,1)	
Tiling (790,1)	
Time (309,1),(121,1),(1661,1),(1870,1),(2167,1),(2332,1),(2589,1),(2651,1),(2039,1),(2141,1),(2622,1),(2637,1)	
Title (168,1)	
To (806,1),(1719,1),(2466,1),(769,1)	
Toe (1275,1)	
Top (1407,1),(185,1),(347,1)	
Total (2281,1),(2285,1),(2579,1),(2234,1)	
Town (997,1)	
Tracker (2102,1)	
Trainers (2410,1)	
Transfer (1601,1)	
Transformation (2626,1)	
Transition (756,1)	
Trapping (42,1)	
Traversable (1579,1)	
Traversal (94,1),(1008,1),(144,1),(889,1)	
Traverse (1424,1),(498,1)	
Tree (106,1),(1457,1),(2458,1),(814,1),(968,1),(2476,1),(993,1),(1130,1),(1361,1),(2641,1),(429,1),(513,1),(700,1),(971,1),(979,1),(102,1),(1028,1),(1145,1),(124,1),(1372,1),(2322,1),(623,1)	
Trees (310,1)	
Triangle (119,1),(610,1),(812,1)	
Triplet (1899,1)	
Triplets (2475,1)	
Tweet (1348,1)	
Twice (2351,1)	
Two (2513,1),(421,1),(1464,1),(160,1),(1879,1),(2032,1),(2131,1),(2186,1),(1031,1),(1552,1),(2359,1),(1442,1),(2054,1),(1637,1),(1662,1),(175,1),(1754,1),(2605,1),(1347,1),(1460,1)	
Type (1974,1)	
UTF-8 (393,1)	
Ugly (1201,1)	
Unable (1700,1)	
Uncommon (522,1)	
Unequal (2475,1)	
Unique (1481,1),(1647,1),(1980,1),(62,1),(804,1),(929,1),(95,1),(1207,1)	
Units (2310,1)	
Univalued (965,1)	
Unoccupied (1942,1)	
Until (1040,1),(1033,1)	
Up (2260,1)	
Users (1633,1),(1817,1)	
Using (1604,1),(1882,1),(1974,1)	
VI (1696,1)	
VIII (1872,1)	
Valid (2645,1),(593,1),(678,1),(1178,1),(1718,1),(193,1),(2047,1),(2267,1)	
Validate (1361,1),(946,1)	
Validator (591,1)	
Value (1131,1),(1663,1),(2011,1),(2165,1),(2440,1),(2455,1),(2507,1)	
Values (1798,1),(2373,1),(1130,1),(1471,1)	
Vegan-Friendly, (1333,1)	
Verbal (1307,1)	
Version (278,1)	
Vertical (1637,1)	
Visible (1866,1)	
Visit (811,1)	
Votes (1366,1)	
Vowel (1641,1),(2062,1)	
Vowels (1839,1)	
Water (11,1),(778,1)	
Ways (1866,1),(1411,1),(1525,1),(1569,1),(1664,1),(1712,1),(1444,1),(1639,1),(1976,1),(2320,1),(2580,1)	
Wealth (1672,1)	
Wheel (1599,1)	
When (803,1)	
Where (1577,1),(1706,1),(1900,1)	
Which (1953,1)	
White (2271,1)	
Whose (1978,1)	
Width (962,1)	
Widths (891,1)	
Wiggle (376,1)	
Window (76,1)	
Winner (1535,1),(2660,1),(486,1)	
With (1527,1),(2182,1),(2447,1),(2461,1),(1626,1),(1053,1),(1475,1),(1567,1),(1585,1),(2209,1),(2410,1),(1013,1),(1354,1),(1431,1),(1439,1),(2395,1),(2656,1),(1042,1),(1325,1),(1608,1),(1707,1)	
Within (787,1)	
Without (2274,1),(3,1)	
Wizards (2281,1)	
Word (843,1),(139,1),(1967,1),(1974,1),(2018,1),(212,1),(524,1),(748,1)	
Words (1935,1),(211,1),(2114,1),(273,1),(648,1),(820,1),(1160,1)	
Work (826,1)	
Workers (2462,1),(857,1)	
X (1608,2)	
X-Matrix (2319,1)	
XOR (1863,1)	
XORed (1734,1)	
You (1423,1),(1904,1),(2071,1),(1298,1)	
Your (1311,1),(1744,2)	
Zero (1466,1),(2225,1),(2357,1)	
Zeros (1089,1),(2181,1),(2482,1)	
a (149,1),(28,1),(754,1),(1263,1),(2088,1),(1036,1),(237,1),(2400,1),(1164,1),(1292,1),(1391,2),(1931,1),(2583,1),(2639,1),(2660,1),(1252,1),(1560,1),(2194,1),(2271,1),(2327,1),(703,1),(1326,1),(1685,1),(1803,1),(2033,1),(2550,1),(1418,1),(2062,1),(2110,1),(1450,1),(2242,1),(2392,1),(2532,1),(1344,1),(1351,1),(2147,1),(1380,1),(1593,1),(2617,1),(1443,1),(1461,1),(1773,1),(387,1),(1582,1),(1780,1),(1865,1),(2349,1),(1337,1),(2125,1),(240,1),(2554,1),(329,1),(1465,1),(1483,1),(1667,1),(17,1),(1807,1),(2095,1),(2679,1),(828,1)	
an (2640,1),(1331,1),(2428,1),(2060,1),(532,1),(697,1),(1441,1),(2053,1),(2501,1),(2592,1),(1108,1),(2024,1),(2460,1),(448,1),(2200,1),(2295,1)	
and (2240,1),(2538,1),(309,1),(1346,1),(1489,1),(1984,1),(2516,1),(1728,1),(1757,1),(2482,2),(745,1),(851,1),(121,1),(2611,1),(297,1),(1401,1),(1900,1),(2574,1)	
are (1662,1)	
array (1043,1),(1711,1),(1755,1),(2202,1),(860,1),(934,1),(1128,1),(1979,1),(2275,1),(2279,1),(39,1),(134,1),(1351,1),(1391,1),(2367,1),(1263,1),(1726,1),(2136,1),(2334,1),(215,1),(879,1),(905,1),(1139,1),(1418,1),(1575,1),(2080,1),(1524,1),(2491,1),(2536,1),(2587,1),(2125,1),(2602,1),(952,1),(2305,1),(909,1),(1333,1),(1627,1),(200,1),(2301,1),(912,1),(992,1),(1498,1),(1649,1),(1861,1),(1906,1),(1072,1),(2576,1),(695,1),(152,1),(2176,1),(2271,1),(2529,1),(75,1),(1601,1),(167,1),(1696,1),(2019,1),(817,1),(1186,1),(1894,1),(2217,1),(659,1),(2132,1),(718,1),(794,1),(798,1),(1326,1),(2547,1),(581,1),(996,1),(149,1),(1528,1),(2172,1),(927,1),(2091,1),(446,1),(497,1),(1124,1),(1700,1),(1748,1),(1366,1),(284,1),(963,1),(1007,1),(1090,1),(1546,1),(1032,1),(1539,1),(2040,1),(2150,1),(1340,1),(1807,1),(2598,1),(219,1),(1018,1),(1267,1),(1502,1),(1968,1),(1847,1),(2242,1),(130,1),(1829,1),(1883,1),(2569,1),(2114,1),(2381,1),(1311,1),(1814,1),(1898,1),(2499,1),(1913,1),(1982,1),(916,1),(1395,1),(1773,1),(2392,1),(820,1),(2521,1),(2639,1),(442,1),(1160,1),(1380,1),(2044,1),(2293,1),(2363,1),(2572,1),(864,1),(974,1),(2033,1),(417,1),(989,1),(2462,1),(2653,1),(376,1),(2404,1),(2657,1),(475,1),(839,1),(1010,1),(1094,1),(1476,1),(174,1),(945,1),(871,1),(2246,1),(347,1),(46,1),(1605,1),(1733,1),(1744,1),(2187,1),(941,1),(1146,1),(1582,1),(2008,1),(2352,1),(2594,1),(2617,1),(57,1),(930,1),(1472,1),(1670,1),(2660,1),(691,1),(1036,1),(1337,1),(1535,1),(2389,1),(2154,1),(2426,1),(1300,1),(1751,1),(2037,1),(2073,1),(978,1),(189,1),(2059,1),(42,1),(721,1),(2532,1),(493,1),(68,1),(79,1),(835,1),(2110,1),(2312,1),(2503,1),(699,1),(2444,1),(2488,1),(846,1),(1450,1),(1887,1),(2206,1),(2411,1),(1722,1),(813,1),(406,1),(1029,1),(1296,1),(2260,1),(354,1),(1054,1),(2099,1),(435,1),(123,1),(1942,1),(2011,1),(2088,1),(2646,1),(307,1),(204,1),(2055,1),(2213,1),(2440,1),(2561,1),(714,1),(956,1),(1986,1),(2022,1),(2121,1),(2183,1),(710,1),(747,1),(857,1),(1946,1),(2419,1),(2518,1),(2606,1),(31,1),(64,1),(673,1),(105,1),(1292,1),(2341,1),(2448,1),(1674,1),(303,1),(875,1),(1388,1),(1425,1),(1465,1),(1652,1),(2161,1),(2455,1),(523,1),(893,1),(1818,1),(1865,1),(35,1),(1975,1),(336,1),(769,1),(923,1),(1223,1),(1289,1),(1403,1),(1854,1),(2433,1),(853,1),(1014,1),(1131,1),(1568,1),(2239,1),(1803,1),(240,1),(318,1),(622,1),(1304,1),(1458,1),(1560,1),(1656,1),(1953,1),(1997,1),(806,1),(2554,1),(453,1),(648,1),(1630,1),(1872,1),(1920,1),(2190,1),(486,1),(611,1),(985,1),(1157,1),(1681,1),(1964,1),(350,1),(457,1),(1799,1),(2257,1),(329,1),(413,1),(53,1),(1252,1),(1487,1),(1685,1),(2558,1)	
as (1967,1)	
at (1164,1),(1450,1),(1784,1),(1883,1),(1964,1),(570,1)	
backtracking (1718,1),(2065,1),(212,1),(216,1),(2597,1),(1219,1),(1655,1),(2014,1),(494,1),(52,1),(78,1),(89,1),(1307,1),(131,1),(638,1),(1240,1),(1255,1),(784,1),(1079,1),(113,1)	
binary-indexed-tree (218,1),(2250,1)	
binary-search (300,1),(436,1),(1439,1),(1923,1),(2513,1),(2528,1),(2601,1),(2616,1),(483,1),(74,1),(1802,1),(2179,1),(2234,1),(2517,1),(719,1),(1648,1),(2300,1),(528,1),(902,1),(153,1),(1970,1),(2106,1),(2454,1),(315,1),(34,1),(1208,1),(2054,1),(1552,1),(1901,1),(278,1),(744,1),(704,1),(81,1),(1170,1),(1482,1),(1574,1),(2223,1),(2560,1),(410,1),(887,1),(1237,1),(1608,1),(209,1),(2476,1),(2498,1),(825,1)	
binary-search-tree (109,1),(938,1),(530,1),(538,1),(703,1),(783,1),(897,1),(1373,1),(501,1)	
binary-tree (108,1),(111,1),(199,1),(654,1),(669,1),(687,1),(1110,1),(1367,1),(173,1),(236,1),(508,1),(889,1),(988,1),(1008,1),(144,1),(2049,1),(331,1),(515,1),(1448,1),(2236,1),(2265,1),(2331,1),(94,1),(100,1),(1026,1),(1161,1),(1305,1),(1569,1),(951,1),(1022,1),(104,1),(1932,1),(863,1),(919,1),(2096,1),(449,1),(98,1),(1080,1)	
bit-manipulation (338,1),(1177,1),(187,1),(2002,1),(231,1),(268,1),(756,1),(1434,1),(1720,1),(491,1),(1342,1),(190,1),(473,1),(693,1),(260,1),(1386,1),(1595,1),(2354,1),(136,1),(1863,1),(1915,1),(2527,1),(1371,1),(389,1),(477,1),(943,1),(1009,1),(2035,1)	
bitmask (2572,1),(464,1),(691,1),(1681,1),(1799,1),(2172,1),(2305,1),(996,1),(1494,1),(1755,1),(1986,1)	
brainteaser (1033,1),(1503,1)	
breadth-first-search (2146,1),(773,1),(2458,1),(2641,1),(847,1),(1457,1),(1765,1),(1970,1),(685,1),(854,1),(102,1),(1123,1),(623,1),(429,1),(928,1),(399,1),(1284,1),(1361,1),(322,1),(993,1),(117,1),(733,1),(924,1),(1992,1),(2612,1),(513,1),(542,1),(1020,1),(1042,1),(1905,1),(1376,1),(407,1),(865,1)	
bucket-sort (347,1),(912,1)	
by (1311,1),(1638,1),(2271,1),(2455,1),(2154,1),(2183,1),(2231,1),(1160,1),(406,1),(974,1),(2536,1),(952,1),(1010,1),(1333,1),(1366,1),(2356,1)	
combinatorics (1359,1),(1641,1),(2338,1),(2400,1),(2514,1)	
concurrency (1115,1),(1195,1)	
counting (1748,1),(1876,1),(2547,1),(383,1),(923,1),(1010,1),(1054,1),(1128,1),(2341,1),(2404,1),(2529,1),(387,1),(1090,1),(1366,1),(1737,1),(1854,1),(2190,1),(2499,1),(2514,1),(347,1),(1267,1),(1704,1),(1814,1),(2275,1),(299,1),(992,1),(2150,1),(2206,1),(945,1)	
counting-sort (274,1)	
database (1050,1),(1193,1),(1407,1),(1795,1),(2356,1),(596,1),(608,1),(1517,1),(178,1),(1890,1),(196,1),(262,1),(1164,1),(181,1),(185,1),(626,1),(1179,1),(1667,1),(570,1),(585,1),(619,1)	
depth-first-search (1483,1),(2385,1),(1036,1),(130,1),(839,1),(1568,1),(116,1),(1391,1),(802,1),(934,1),(1993,1),(501,1),(332,1),(787,1),(1267,1),(329,1),(897,1),(1971,1),(2440,1),(743,1),(1373,1),(684,1),(938,1),(662,1),(886,1),(2415,1),(310,1),(765,1),(783,1),(112,1),(1319,1),(145,1),(2646,1),(211,1),(2477,1),(530,1),(1377,1),(1766,1),(222,1),(226,1),(1315,1),(1722,1),(695,1),(2246,1),(2316,1),(417,1),(589,1),(637,1),(101,1),(1443,1),(538,1),(563,1),(655,1),(721,1),(200,1),(365,1)	
design (146,1),(2043,1),(2502,1),(355,1),(1622,1),(2227,1),(2296,1),(1600,1),(1912,1),(2102,1),(380,1),(432,1),(535,1),(2069,1),(2241,1),(304,1),(641,1),(715,1)	
divide-and-conquer (4,1),(558,1),(918,1),(1382,1),(2343,1),(327,1),(932,1),(169,1),(190,1)	
doubly-linked-list (2296,1),(432,1),(146,1)	
dynamic-programming (2585,1),(1690,1),(1900,1),(2002,1),(808,1),(1977,1),(2420,1),(2435,1),(2439,1),(392,1),(903,1),(1092,1),(1269,1),(1335,1),(95,1),(2266,1),(576,1),(712,1),(1911,1),(2163,1),(2060,1),(877,1),(943,1),(213,1),(583,1),(1140,1),(639,1),(873,1),(118,1),(1621,1),(466,1),(741,1),(907,1),(1137,1),(1218,1),(2086,1),(2369,1),(1012,1),(1595,1),(514,1),(664,1),(983,1),(2222,1),(1155,1),(1449,1),(338,1),(396,1),(473,1),(62,1),(730,1),(1027,1),(1162,1),(121,1),(1478,1),(1959,1),(2167,1),(312,1),(1320,1),(1735,1),(2538,1),(2673,1),(1434,1),(2318,1),(55,1),(91,1),(1463,1),(1687,1),(1955,1),(264,1),(518,1),(646,1),(2552,1),(2581,1),(1706,1),(2310,1),(1397,1),(198,1),(309,1),(837,1),(44,1),(1416,1),(1467,1),(1728,1),(2035,1),(279,1),(488,1),(1526,1),(1771,1),(2556,1),(2376,1),(1537,1),(1786,1),(22,1),(2321,1),(1191,1),(1643,1),(1937,1),(1504,1),(1654,1),(2262,1),(2501,1),(918,1),(1049,1),(132,1),(1896,1)	
enumeration (1566,1),(1995,1),(2240,1),(2259,1),(2310,1),(2552,1)	
eulerian-circuit (2097,1)	
for (1953,1),(2385,1),(949,1),(1043,1),(1234,1),(1829,1)	
from (106,1),(1093,1),(1233,1),(2634,1)	
game-theory (843,1),(913,1),(1406,1),(1563,1),(1927,1),(2029,1),(292,1),(810,1)	
geometry (883,1),(2249,1),(593,1),(836,1),(223,1),(858,1),(939,1),(1266,1),(1453,1),(1828,1)	
graph (2045,1),(753,1),(841,1),(959,1),(1514,1),(1976,1),(210,1),(797,1),(1697,1),(2508,1),(2603,1),(2092,1),(2203,1),(2290,1),(2328,1),(2467,1),(2492,1),(834,1),(1462,1),(2115,1),(2360,1),(2577,1),(1466,1),(1129,1),(133,1),(1334,1),(207,1),(2368,1)	
greedy (1921,1),(1363,1),(1785,1),(1903,1),(2375,1),(409,1),(1323,1),(2144,1),(2195,1),(2551,1),(2591,1),(1253,1),(1433,1),(2027,1),(2038,1),(881,1),(1330,1),(1686,1),(2030,1),(2449,1),(768,1),(870,1),(1675,1),(1888,1),(2294,1),(1488,1),(2357,1),(955,1),(1705,1),(1855,1),(948,1),(2434,1),(397,1),(452,1),(1833,1),(1969,1),(2207,1),(2566,1),(757,1),(1536,1),(1561,1),(2335,1),(1899,1),(2078,1),(2522,1),(1529,1),(1642,1),(1727,1),(1877,1),(2405,1),(2412,1),(2573,1),(621,1),(122,1),(1338,1),(1558,1),(1792,1),(1217,1),(1936,1),(632,1),(1147,1),(1400,1),(1671,1),(991,1),(1606,1),(2126,1),(984,1)	
hash-function (705,1),(187,1),(1948,1),(2156,1),(572,1)	
hash-table (1010,1),(1296,1),(105,1),(916,1),(1546,1),(1807,1),(659,1),(846,1),(2521,1),(2653,1),(1418,1),(1461,1),(2190,1),(2352,1),(17,1),(2657,1),(347,1),(1036,1),(1054,1),(1436,1),(970,1),(1674,1),(2370,1),(2451,1),(1656,1),(1748,1),(2341,1),(820,1),(2671,1),(350,1),(442,1),(460,1),(138,1),(2121,1),(2301,1),(2488,1),(1832,1),(2206,1),(523,1),(1726,1),(2154,1),(2547,1),(1737,1),(2561,1),(981,1),(1090,1),(1542,1),(2363,1),(2554,1),(2103,1),(2349,1),(299,1),(457,1),(1399,1),(1443,1),(1711,1),(1876,1),(219,1),(930,1),(567,1),(1160,1),(1366,1),(2062,1),(2606,1),(149,1),(2491,1),(1311,1),(1593,1),(1487,1),(2260,1),(992,1),(2598,1),(424,1),(974,1),(1171,1),(1348,1),(336,1),(383,1),(710,1),(893,1),(2404,1),(387,1),(736,1),(2499,1),(127,1),(1410,1),(1993,1),(2150,1),(1072,1),(1906,1),(2374,1),(398,1),(13,1),(1814,1),(2080,1),(2275,1),(923,1),(1128,1),(1935,1),(1124,1),(1146,1),(141,1),(817,1),(208,1),(2309,1),(2514,1),(648,1),(677,1),(828,1),(1638,1),(1865,1),(2099,1),(2367,1)	
heap-priority-queue (1054,1),(1263,1),(1825,1),(2231,1),(2462,1),(882,1),(1388,1),(1942,1),(295,1),(420,1),(912,1),(1094,1),(2532,1),(871,1),(215,1),(2558,1),(743,1),(1696,1),(703,1),(2099,1),(347,1),(659,1),(1337,1),(1425,1),(787,1),(857,1),(2349,1),(2503,1),(2642,1)	
if (2446,1),(2042,1),(2060,1),(2116,1),(2369,1)	
in (1269,1),(154,1),(1540,1),(2251,1),(2042,1),(448,1),(961,1),(1926,1),(2608,1),(84,1),(1368,1),(2303,1),(2501,1),(1801,1),(1878,1),(1030,1),(2163,1),(1379,1),(668,1),(2482,1),(2509,1),(2523,1),(914,1),(1371,1),(2200,1),(2435,1),(532,1),(1261,1),(1290,1),(2475,1),(2556,1),(778,1),(833,1),(2336,1),(2684,1),(1221,1),(1456,1),(1489,1),(1559,1),(1948,1),(2192,1),(440,1),(1991,1),(2053,1),(33,1),(1805,1),(1944,1),(2181,1),(378,1),(419,1),(781,1),(1742,1),(1760,1),(2673,1),(1519,1),(2295,1)	
interactive (1095,1)	
into (915,1)	
k (2138,1)	
kth (1492,1)	
linked-list (1206,1),(1367,1),(148,1),(21,1),(382,1),(83,1),(1019,1),(25,1),(203,1),(328,1),(445,1),(61,1),(706,1),(2074,1),(430,1)	
math (29,1),(368,1),(650,1),(672,1),(805,1),(2614,1),(1569,1),(1822,1),(2063,1),(2409,1),(2427,1),(1033,1),(2470,1),(371,1),(43,1),(1561,1),(1840,1),(1154,1),(1103,1),(1866,1),(2001,1),(2221,1),(2591,1),(313,1),(342,1),(1040,1),(892,1),(412,1),(258,1),(445,1),(793,1),(812,1),(973,1),(991,1),(1073,1),(423,1),(478,1),(782,1),(2607,1),(1686,1),(779,1),(1330,1),(1998,1),(2544,1),(1037,1),(2038,1),(2584,1),(357,1),(441,1),(470,1),(9,1),(1015,1),(1862,1),(1925,1),(2317,1),(2654,1),(405,1),(519,1),(69,1),(1518,1),(878,1),(166,1),(1994,1),(2485,1),(1217,1),(1903,1),(1954,1),(2177,1),(2269,1),(2481,1),(2566,1),(537,1),(1352,1),(775,1),(728,1),(1819,1),(1837,1),(1884,1),(2180,1),(50,1),(1808,1),(492,1),(504,1),(1510,1),(1716,1),(1969,1),(2081,1),(2119,1),(2162,1),(2195,1),(335,1),(1323,1),(382,1),(908,1),(375,1)	
matrix (840,1),(1463,1),(1632,1),(1878,1),(363,1),(741,1),(378,1),(675,1),(749,1),(1030,1),(1595,1),(1706,1),(2435,1),(2596,1),(1728,1),(2428,1),(37,1),(48,1),(778,1),(1074,1),(1926,1),(2482,1),(529,1),(73,1),(994,1),(1254,1),(1504,1),(1559,1),(2017,1),(59,1),(1210,1),(1591,1),(1672,1),(2556,1),(419,1),(1034,1),(1162,1),(1368,1),(2545,1)	
memoization (1815,1),(2328,1),(397,1),(698,1),(140,1),(1444,1),(1569,1)	
merge-sort (1649,1),(2426,1),(493,1),(912,1)	
monotonic-queue (1499,1)	
monotonic-stack (1124,1),(321,1),(402,1),(581,1),(769,1),(853,1),(2334,1),(42,1),(901,1)	
n (1415,1)	
number-theory (1447,1),(2507,1),(2521,1),(2543,1),(1201,1),(1799,1),(1979,1),(204,1),(2183,1),(2338,1)	
of (2136,1),(2455,1),(1010,1),(1465,2),(1766,1),(1953,1),(2037,1),(2426,1),(938,1),(985,1),(2518,1),(2657,1),(1524,1),(1898,1),(2095,1),(2172,1),(2316,1),(2400,1),(350,1),(1281,2),(2147,1),(2639,2),(2367,1),(2507,1),(1296,1),(1315,1),(1414,1),(1601,1),(1807,1),(996,1),(1292,1),(2114,1),(233,1),(2385,1),(1300,1),(1483,1),(1935,1),(1986,1),(2000,1),(1498,1),(1520,1),(2341,1),(820,1),(828,2),(1032,1),(1450,1),(1513,1),(2433,1),(662,1),(673,1),(1784,1),(2040,1),(2554,1),(1131,1),(1395,1),(1418,1),(1593,1),(1960,2),(2356,1),(1461,1),(1968,1),(2529,1),(2550,1),(1319,1),(1326,1),(2572,1),(2682,1),(2327,2),(2491,1),(1553,1),(17,1),(1751,1),(2213,1),(2242,1),(2279,1),(2576,1),(2521,2),(695,1),(718,1),(1128,1),(2011,1),(1979,1),(989,1),(2646,1),(1568,1),(1700,1),(1780,2),(1791,1),(2125,1),(2165,1),(1557,1),(1876,1),(2224,1),(2437,1),(2675,1),(1733,1),(2044,1),(2338,1),(2617,1),(633,1),(846,1),(1344,1),(1579,1),(2305,1),(2503,1),(806,1),(871,1),(1869,1),(2099,1),(2312,1),(28,1),(318,1),(747,1),(1458,1),(1737,1),(2019,1),(2415,1),(893,1),(1535,1),(1685,1),(2110,2),(2660,1),(637,1),(813,1),(1759,1),(1942,1),(200,1),(1546,1),(1072,1),(1748,1),(2062,1)	
on (2550,1),(149,1),(1744,1),(1993,1),(2194,1)	
or (1292,1)	
ordered-set (1675,1),(2034,1),(218,1),(2276,1),(2353,1),(731,1),(1606,1),(2382,1),(456,1)	
prefix-sum (2588,1),(995,1),(1000,1),(1712,1),(2218,1),(2302,1),(2438,1),(1590,1),(2100,1),(2207,1),(2485,1),(2559,1),(1480,1),(1738,1),(1862,1),(724,1),(1004,1),(1895,1),(1943,1),(2382,1)	
probability-and-statistics (1467,1),(808,1),(837,1)	
queue (1825,1),(2073,1),(622,1),(1700,1),(1670,1),(1696,1),(2327,1),(2444,1),(387,1),(1425,1)	
quickselect (215,1),(347,1)	
radix-sort (912,1)	
randomized (398,1),(497,1),(710,1)	
recursion (1969,1),(50,1),(25,1),(342,1),(779,1),(10,1),(1808,1),(203,1),(21,1)	
rolling-hash (1923,1),(2223,1)	
segment-tree (1521,1),(218,1),(2276,1),(731,1)	
shell (193,1)	
shortest-path (399,1)	
simulation (640,1),(1094,1),(1535,1),(1700,1),(1920,1),(2257,1),(592,1),(985,1),(1252,1),(2154,1),(2161,1),(2293,1),(2352,1),(2462,1),(1894,1),(2011,1),(2073,1),(2327,1),(2558,1),(2660,1),(1560,1),(2022,1),(2169,1),(2532,1),(68,1)	
sliding-window (2653,1),(718,1),(2260,1),(2411,1),(424,1),(992,1),(1234,1),(1876,1),(567,1),(930,1),(978,1),(1425,1),(1696,1),(219,1),(2444,1)	
sorting (1552,1),(1585,1),(1619,1),(1691,1),(2418,1),(1329,1),(1471,1),(939,1),(1170,1),(2542,1),(2410,1),(1288,1),(2274,1),(2146,1),(2517,1),(414,1),(436,1),(869,1),(1387,1),(1637,1),(692,1),(2593,1),(274,1),(1424,1),(164,1),(49,1),(56,1),(1996,1),(2300,1),(791,1),(2054,1),(524,1),(2007,1),(2171,1),(1365,1),(1985,1),(1626,1),(2094,1),(2285,1),(1383,1),(1604,1),(539,1),(1460,1),(1464,1),(2160,1),(2333,1),(2465,1),(506,1),(825,1),(1200,1),(2135,1),(179,1),(2164,1),(2344,1),(719,1),(1589,1),(16,1),(1710,1),(1402,1),(1509,1),(1846,1),(2234,1),(2454,1),(502,1),(645,1),(726,1),(1608,1),(1648,1)	
stack (2281,1),(975,1),(1776,1),(2216,1),(227,1),(678,1),(85,1),(1673,1),(1963,1),(388,1),(1541,1),(1574,1),(2197,1),(2289,1),(2487,1),(1006,1),(1130,1),(1475,1),(2645,1),(2454,1),(726,1),(946,1),(1996,1),(2296,1),(234,1)	
string (1544,1),(1768,1),(2446,1),(459,1),(657,1),(2325,1),(301,1),(804,1),(899,1),(1081,1),(125,1),(224,1),(451,1),(792,1),(2086,1),(242,1),(2060,1),(730,1),(8,1),(819,1),(833,1),(1016,1),(1324,1),(1328,1),(1805,1),(2512,1),(1371,1),(606,1),(745,1),(2390,1),(1360,1),(1456,1),(1647,1),(1771,1),(2262,1),(1108,1),(1830,1),(2024,1),(686,1),(884,1),(1816,1),(2002,1),(2266,1),(929,1),(282,1),(316,1),(848,1),(1452,1),(187,1),(2109,1),(385,1),(392,1),(514,1),(521,1),(1540,1),(2156,1),(2167,1),(22,1),(466,1),(903,1),(936,1),(1111,1),(1496,1),(165,1),(2222,1),(811,1),(767,1),(925,1),(639,1),(921,1),(1023,1),(1573,1),(2068,1),(415,1),(583,1),(943,1),(1092,1),(1221,1),(132,1),(1702,1),(1915,1),(1614,1),(1896,1),(2075,1),(1881,1),(1397,1),(2116,1),(2343,1),(91,1),(1416,1),(2259,1),(844,1),(972,1),(752,1),(770,1),(796,1),(1096,1),(1405,1),(1812,1),(1980,1),(389,1),(990,1),(1948,1),(2284,1),(2468,1),(880,1),(44,1),(664,1),(859,1),(1078,1),(1904,1),(2255,1),(297,1),(345,1),(2516,1),(433,1),(1177,1),(1247,1),(1320,1),(1629,1),(2299,1),(2042,1),(2053,1),(2138,1),(2288,1),(257,1),(1041,1),(1849,1),(712,1),(1717,1),(1977,1),(2211,1),(2273,1),(763,1),(1625,1),(1694,1),(2486,1),(488,1),(709,1),(2185,1)	
string-matching (2301,1),(28,1)	
suffix-array (1977,1)	
that (1267,1),(1894,1)	
the (1960,1),(1997,1),(2257,1),(640,1),(1414,1),(1887,1),(2477,1),(2095,1),(2202,1),(1807,1),(1850,1),(1942,1),(2132,1),(28,2),(1234,1),(1593,1),(2639,1),(486,1),(1861,1),(2150,1),(2099,1),(2565,1),(1535,1),(2558,1),(1832,1),(1894,2),(2129,1),(2338,1),(2572,1),(2682,2),(1498,1),(1652,1),(1986,1),(2165,1),(2576,1),(2606,1),(2646,2),(2657,1),(1281,1),(1964,1),(2660,1)	
through (1649,1)	
to (1553,1),(691,1),(1300,1),(1616,1),(2059,1),(2161,1),(2532,1),(273,1),(2224,1),(2239,1),(2448,1),(2499,1),(2602,1),(1292,1),(2187,1),(2220,1),(2260,1),(2594,1),(453,1),(2587,1),(714,1),(13,1),(1304,1),(1568,1),(1733,1),(1263,2),(1887,1),(2033,1),(864,1),(945,1),(1957,1),(2554,1),(2400,1),(2675,1),(109,1),(1326,2),(1968,1),(2385,1),(1443,1),(1579,1),(1883,1),(538,1),(1319,1),(1700,1),(1928,1),(2073,1),(123,1),(1249,1),(1986,1),(2037,1),(2525,1),(989,1),(1557,1),(1674,1),(1737,1),(1850,1),(2147,1),(2547,1),(2477,2),(857,1),(2169,1),(2462,1)	
topological-sort (207,1),(210,1),(2115,1),(2328,1),(2360,1),(2603,1),(1462,1),(1976,1)	
tree (230,1),(652,1),(1123,1),(117,1),(2476,1),(513,1),(623,1),(814,1),(971,1),(993,1),(1028,1),(1457,1),(1325,1),(1530,1),(894,1),(96,1),(113,1),(1145,1),(429,1),(872,1),(124,1),(2322,1),(337,1),(102,1),(1916,1),(2641,1),(865,1),(1376,1),(2003,1),(2458,1),(450,1),(700,1),(106,1),(1600,1),(2421,1),(968,1),(979,1),(1361,1),(1372,1)	
trie (1178,1),(472,1),(421,1),(692,1),(1233,1),(139,1),(1707,1),(1938,1),(212,1),(2227,1)	
two-pointers (1498,1),(167,1),(1850,1),(541,1),(567,1),(923,1),(1861,1),(2161,1),(295,1),(475,1),(905,1),(2462,1),(42,1),(633,1),(82,1),(141,1),(1616,1),(2000,1),(2095,1),(31,1),(189,1),(2576,1),(28,1),(556,1),(611,1),(86,1),(2396,1),(350,1),(680,1),(75,1),(2367,1),(2491,1),(1755,1),(2565,1),(457,1),(581,1)	
union-find (1319,1),(200,1),(2503,1),(2617,1),(765,1),(839,1),(1061,1),(130,1),(1971,1),(2316,1),(695,1),(721,1),(886,1),(1579,1),(1627,1),(684,1),(1722,1),(2334,1),(952,1),(1267,1),(1391,1)	
up (1304,1)	
with (1240,1),(1299,1),(528,1),(795,1),(865,1),(982,1),(1219,1),(1277,1),(1295,1),(30,1),(373,1),(395,1)	
× (1411,1)	
