- (1691,1),(2267,1),(2656,1),(381,1),(653,1)	
1 (1016,1)	
1's (2134,1)	
10 (1009,1)	
132 (456,1)	
2 (869,1)	
21 (837,1)	
2D (1260,1),(2610,1)	
3Sum (16,1)	
A (1034,1),(2262,1)	
AND (2172,1),(2275,1),(2419,1)	
ASCII (712,1)	
ATM (2241,1)	
Abbreviating (2117,1)	
Absolute (1438,1),(2006,1)	
Add (415,1),(921,1),(1449,1),(282,1)	
Adjacent (2672,1)	
After (2317,1),(2382,1),(1422,1),(2089,1),(2119,1)	
Ages (825,1)	
All (1504,1),(2167,1),(2244,1),(2640,1),(1397,1),(1584,1),(2200,1),(1588,1),(448,1),(2192,1),(2420,1),(2589,1),(1045,1),(1863,1),(2134,1)	
Allow (2666,1)	
Alphabetical (2414,1)	
Ambiguous (816,1)	
Amount (2391,1)	
Anagrams (49,1)	
Analysis (1068,1)	
Ancestor (235,1)	
Angle (1344,1)	
Any (1455,1),(1749,1)	
Appeal (2262,1)	
Appearing (1287,1)	
Appears (2124,1)	
Append (2195,1)	
Apples (1443,1)	
Apply (2546,1)	
Archery (2212,1)	
Are (1437,1),(1657,1)	
Area (1465,1),(695,1),(963,1)	
Arrange (1536,1)	
Arrangement (667,1)	
Arrangements (1175,1)	
Array (1122,1),(1551,1),(2369,1),(1250,1),(565,1),(1470,1),(154,1),(1735,1),(448,1),(2149,1),(2208,1),(2659,1),(961,1),(1441,1),(2170,1),(2460,1),(2640,1),(532,1),(561,1),(1827,1),(2273,1),(2527,1),(2626,1),(2035,1),(2475,1),(80,1),(88,1),(932,1),(2200,1),(954,1),(1526,1),(1636,1),(2541,1),(525,1),(697,1),(1764,2),(462,1),(1287,1),(1416,1),(2321,1),(2439,1),(330,1),(1331,1),(2501,1),(2592,1),(33,1),(1005,1),(1144,1),(2053,1),(2295,1),(2619,1),(1720,1),(1991,1),(26,1),(2677,1)	
Arrays (1385,1),(2449,1)	
Arrival (2651,1)	
Arrive (1870,1)	
Arrows (452,1)	
As (1455,1)	
Ascending (1800,1)	
Assign (2071,1),(455,1)	
Assignment (1227,1)	
Asteroids (2126,1)	
Atoms (726,1)	
Attack (1222,1)	
Attendance (552,1)	
Attended (1751,1)	
Average (1661,1)	
Away (1437,1)	
Awesome (1542,1)	
B's (2124,1)	
BST (783,1),(938,1),(1373,1),(530,1),(538,1)	
Backlog (1801,1)	
Bag (948,1)	
Balanced (1963,1),(2609,1)	
Ball (1706,1)	
Balloons (1189,1)	
Bank (2043,1)	
Based (981,1)	
Basic (227,1)	
Be (1353,1),(2116,1),(2127,1)	
Beautiful (2457,1),(932,1)	
Beauty (2234,1)	
Best (1626,1),(2054,1)	
Between (1855,1),(2016,1),(2492,1),(1026,1),(1190,1),(1385,1),(1617,1),(1624,1)	
Big (595,1)	
Biggest (619,1)	
Billboard (956,1)	
Binary (1373,1),(226,1),(2385,1),(930,1),(1018,1),(145,1),(1461,1),(1784,1),(501,1),(637,1),(662,1),(2415,1),(563,1),(655,1),(761,1),(868,1),(105,1),(109,1),(1238,1),(1582,1),(2583,1)	
Bipartite? (785,1)	
Bipartition (886,1)	
Bits (191,1),(2595,1),(1356,1)	
Blocks (2379,1)	
Bloom (2136,1)	
Board (1138,1)	
Bombs (2101,1)	
Boolean (2331,1)	
Bought (1045,1)	
Bounded (1041,1)	
Bounds (2444,1)	
Bouquets (1482,1)	
Box (1263,1),(1861,1),(2525,1)	
Boxes (1687,1),(1739,1),(1298,1),(1467,1)	
Break (343,1)	
Brick (554,1)	
Bridge (2532,1),(934,1)	
Buckets (2086,1)	
Build (1420,1),(1916,1)	
Built (2223,1)	
Burst (452,1)	
Buzz (1195,1)	
By (451,1)	
Cache (146,1)	
Calculator (991,1)	
Calendar (731,1)	
Cameras (968,1)	
Can (1561,1),(1642,1),(2511,1),(1433,1)	
Cancellable (2650,1)	
Candy (888,1)	
Capacity (1011,1)	
Captured (2511,1)	
Cards (2260,1)	
Cars (2167,1)	
Case (784,1)	
Cat (913,1)	
Categorize (2525,1)	
Cell (2577,1)	
Cells (1030,1)	
Centennial (1599,1)	
Center (1791,1)	
Centre (1515,1)	
Chain (646,1)	
Chalk (1894,1)	
Change (322,1)	
Changing (1432,1)	
Character (1647,1),(2516,1)	
Characters (1576,1),(1624,1),(1844,1),(2287,1),(717,1),(1239,1),(1374,1)	
Check (2133,1),(2283,1),(1455,1),(1752,1),(1958,1),(1961,1),(1433,1),(1437,1),(1880,1),(2618,1)	
Checker (2299,1)	
Checking (1697,1)	
Cheese (2611,1)	
Chessboard (2056,1),(782,1)	
Children (2226,1)	
Chunk (2677,1)	
Chunked (1147,1)	
Chunks (768,1)	
Circle (1828,1),(2249,1)	
Circular (1823,1),(918,1)	
Class (2618,1)	
Clone (1379,1)	
Close (1657,1)	
Closest (2523,1)	
Coins (979,1)	
Collect (2391,1)	
Collisions (2550,1)	
Colored (1648,1),(2579,1)	
Coloring (1034,1)	
Column (2133,1),(2661,1)	
Combination (2275,1),(39,1)	
Comments (722,1)	
Common (1092,1),(235,1),(819,1)	
Communicate (1267,1)	
Compare (165,1),(844,1)	
Comparisons (1420,1)	
Compatibility (1947,1)	
Complete (2187,1),(222,1)	
Completely (2661,1)	
Complex (537,1)	
Compression (443,1)	
Concatenating (2131,1)	
Concatenation (1929,1),(2023,1),(2562,1)	
Condition (1498,1)	
Consecutive (829,1),(128,1),(1446,1),(1680,1),(1703,1),(1798,1),(2274,1)	
Construct (105,1)	
Container (11,1)	
Containing (2250,1)	
Contains (217,1),(220,1)	
Continuous (1438,1)	
Convert (2059,1),(2220,1),(2224,1),(538,1),(109,1),(2022,1)	
Cookies (2305,1)	
Cooldown (309,1)	
Copy (138,1)	
Cornered (2245,1)	
Cost (2462,1),(2477,1),(2499,1),(2547,1),(2606,1),(857,1),(1928,1),(2448,1)	
Count (1399,1),(1575,1),(1759,1),(1814,1),(2062,1),(1359,1),(2257,1),(2176,1),(1711,1),(2316,1),(2338,1),(2444,1),(2488,1),(1351,1),(1395,1),(1773,1),(2169,1),(2466,1),(2550,1),(1267,1),(1803,1),(2484,1),(2514,1),(2529,1),(1641,1),(2183,1),(2572,1),(2088,1),(204,1),(2044,1),(222,1),(828,1),(1638,1)	
Counter (2665,1)	
Counting (2185,1),(338,1)	
Countries (595,1)	
Couples (765,1)	
Covered (1288,1),(1893,1)	
Crawler (1598,1)	
Create (2667,1)	
Creator (2456,1)	
Critical (1489,1)	
Crossing (335,1)	
Crossword (2018,1)	
Customer (584,1)	
Customers (1045,1),(183,1)	
Cuts (1465,1)	
Cutting (1444,1)	
Cycle (142,1)	
D (1011,1)	
Data (2526,1),(937,1)	
Date (1484,1),(1507,1)	
Dates (1360,1)	
Day (1154,1)	
Days (1360,1)	
Deci-Binary (1689,1)	
Decode (1734,1)	
Decompress (1313,1)	
Deepest (1123,1),(865,1)	
Defanging (1108,1)	
Degree (1761,1)	
Delay (743,1)	
Delete (1948,1),(381,1),(583,1),(712,1)	
Deleting (1493,1),(1750,1),(524,1)	
Deletions (1647,1)	
Delivery (1174,1)	
Department (1789,1),(184,1)	
Descriptions (2196,1)	
Design (1396,1),(2166,1),(2353,1),(2650,1),(706,1),(1206,1),(1381,1)	
Detect (2013,1),(1559,1),(1566,1)	
Determine (1704,1),(2660,1)	
Dice (1155,1)	
Dictionary (1639,1),(2452,1),(676,1),(720,1)	
Difference (1913,1),(2451,1),(530,1),(1432,1),(1818,1),(1906,1)	
Different (1805,1),(730,1),(1434,1)	
Difficulty (1335,1)	
Digit (2259,1),(2310,1),(400,1)	
Digits (357,1),(423,1),(1837,1),(1844,1),(2342,1),(258,1)	
Dinner (1172,1)	
Direct (570,1)	
Directed (1857,1)	
Directors (1050,1)	
Dishes (1402,1)	
Distance (1333,1),(1722,1),(783,1)	
Distances (2399,1)	
Distinct (2670,1),(2461,1),(2465,1),(2531,1)	
Divide (1296,1),(2147,1),(2206,1),(2491,1)	
Dividing (728,1)	
Divisibility (2644,1)	
Divisible (2435,1)	
Divisor (1071,1)	
Divisors (1362,1)	
Doing (1450,1)	
Dominoes (838,1)	
Dota2 (649,1)	
Duplicate (219,1),(196,1)	
Durations (1010,1)	
Each (116,1),(1829,1),(1964,1),(2356,1),(2635,1)	
Earliest (1900,1)	
Earn (740,1)	
Earnings (2008,1)	
Easy (1154,1),(1327,1),(195,1),(511,1),(58,1),(1374,1),(1716,1),(2287,1),(2357,1),(283,1),(1051,1),(1114,1),(812,1),(1,1),(1800,1),(1965,1),(2089,1),(2236,1),(225,1),(2595,1),(2500,1),(492,1),(69,1),(108,1),(1961,1),(2016,1),(2108,1),(2133,1),(2269,1),(405,1),(728,1),(1309,1),(1378,1),(1437,1),(1587,1),(1598,1),(977,1),(2423,1),(496,1),(1260,1),(1903,1),(1925,1),(2078,1),(21,1),(584,1),(717,1),(922,1),(1037,1),(1275,1),(1455,1),(258,1),(412,1),(1491,1),(1668,1),(1752,1),(500,1),(1822,1),(441,1),(746,1),(1370,1),(94,1),(434,1),(119,1),(1217,1),(14,1),(1422,1),(1480,1),(610,1),(830,1),(1518,1),(1880,1),(2481,1),(2515,1),(2544,1),(2566,1),(2629,1),(896,1),(1789,1),(1796,1),(1873,1),(232,1),(2409,1),(2283,1),(2335,1),(2562,1),(1507,1),(1550,1),(1693,1),(1848,1),(2119,1),(485,1),(83,1),(100,1),(1356,1),(2210,1),(2243,1),(566,1),(1385,1),(1929,1),(2027,1),(2665,1),(551,1),(1741,1),(2148,1),(9,1),(144,1),(1484,1),(409,1),(771,1),(1646,1),(1859,1),(2180,1),(342,1),(661,1),(1389,1),(1837,1),(2085,1),(867,1),(2485,1),(2540,1),(559,1),(643,1),(1323,1),(2621,1),(908,1),(1576,1),(203,1),(504,1),(595,1),(290,1),(933,1),(104,1),(2144,1),(2379,1),(2427,1),(2643,1),(191,1),(401,1),(599,1),(944,1),(1103,1),(1844,1),(2591,1),(892,1),(999,1),(724,1),(1084,1),(1572,1),(1763,1),(577,1),(607,1),(1022,1),(2331,1),(2511,1),(2614,1),(1624,1),(2441,1),(2496,1),(463,1),(706,1),(111,1),(1408,1)	
Edge (2374,1)	
Edit (72,1)	
Eggs (1884,1)	
Element (162,1),(1848,1),(229,1),(496,1),(540,1)	
Elements (2295,1),(2567,1),(462,1),(1144,1),(1261,1),(2149,1),(2163,1)	
Employee (577,1),(690,1),(1378,1),(1741,1),(1789,1)	
Employees (1731,1),(2127,1)	
Empty (2659,1)	
Ends (1750,1)	
Enemy (2511,1)	
English (423,1)	
Envelopes (354,1)	
Equal (2607,1),(2654,1),(1224,1),(2023,1),(2357,1),(2342,1),(2470,1),(416,1),(698,1),(1624,1),(2265,1),(2283,1)	
Equation (1237,1)	
Equivalent (951,1)	
Erect (587,1)	
Escape (1036,1)	
Evaluate (1807,1)	
Even (2074,1),(2180,1),(2508,1),(2595,1),(328,1)	
Events (1751,1)	
Exam (855,1),(2024,1)	
Excel (2194,1)	
Factor (1492,1)	
Factorial (172,1)	
Factors (2427,1),(823,1)	
Fall (1706,1)	
Falling (1289,1),(699,1)	
Fat (1757,1)	
Fence (587,1)	
File (388,1),(609,1)	
Filter (2634,1)	
Final (1475,1)	
Find (1160,1),(295,1),(1517,1),(1979,1),(2217,1),(442,1),(28,1),(1304,1),(1894,1),(1964,1),(2099,1),(2433,1),(2606,1),(1605,1),(1971,1),(2657,1),(1982,1),(2576,1),(501,1),(1535,1),(1542,1),(2150,1),(2682,1),(1414,1),(1791,1),(2239,1),(2639,1),(802,1)	
Finish (1665,1)	
Fire (2258,1)	
First (2108,1),(2661,1)	
Fizz (1195,1)	
Flatten (2625,1),(430,1)	
Fleet (1776,1)	
Flight (1109,1)	
Flights (787,1)	
Flip (1072,1)	
Flipping (822,1)	
Flips (1284,1),(1318,1)	
Flood (733,1)	
Fluctuation (2034,1)	
Folder (1598,1)	
Folders (1948,1)	
Food (2353,1)	
For (2369,1),(983,1)	
Form (2605,1),(1442,1),(1725,1)	
Formatting (482,1)	
Forts (2511,1)	
Four (342,1)	
Fraction (166,1),(786,1)	
Frequency (1224,1),(2423,1)	
Frequent (508,1)	
Friends (602,1)	
Frog (2498,1),(403,1)	
From (2096,1),(2218,1),(2375,1),(2555,1),(797,1),(988,1)	
Fruit (904,1)	
Full (1904,1),(2251,1)	
Function (2667,1)	
GCD (1998,1)	
Game (1510,1),(1686,1),(511,1),(1275,1),(1345,1)	
Gap (164,1)	
Garden (1326,1)	
Gardens (2234,1)	
Genetic (433,1)	
Get (1208,1),(1413,1)	
GetRandom (381,1)	
Getting (1815,1)	
Gifts (2558,1)	
Given (2156,1),(2185,1),(2255,1),(1218,1),(1283,1),(1456,1),(2060,1)	
Gold (1219,1)	
Good (1711,1),(2466,1)	
Graph (1761,1),(1857,1),(2065,1)	
Great (1544,1)	
Greater (1343,1),(1608,1),(2454,1),(744,1)	
Greatest (1979,1),(2309,1)	
Grid (2658,1),(1260,1),(1293,1),(1411,1),(1536,1),(1914,1),(2328,1),(2577,1)	
Grids (558,1)	
Group (1399,1),(2631,1)	
Groups (1992,1),(2157,1)	
H-Index (275,1)	
Halves (1704,1)	
Hamming (477,1)	
Hand (2347,1)	
Handled (1606,1)	
Handling (2569,1)	
Happy (1392,1),(1415,1)	
Hard (815,1),(1896,1),(2035,1),(2167,1),(224,1),(2318,1),(381,1),(1665,1),(2321,1),(1320,1),(2398,1),(514,1),(1012,1),(2608,1),(51,1),(741,1),(1591,1),(1955,1),(2581,1),(770,1),(899,1),(943,1),(987,1),(1210,1),(1889,1),(282,1),(37,1),(749,1),(84,1),(1368,1),(2071,1),(2141,1),(2354,1),(352,1),(1074,1),(1434,1),(1735,1),(2493,1),(675,1),(972,1),(2552,1),(1250,1),(1335,1),(2156,1),(2262,1),(936,1),(2468,1),(312,1),(1269,1),(1478,1),(154,1),(1739,1),(1771,1),(2127,1),(664,1),(1397,1),(1977,1),(2163,1),(4,1),(668,1),(745,1),(1489,1),(1793,1),(1830,1),(2376,1),(330,1),(862,1),(1001,1),(1463,1),(1467,1),(2585,1),(1610,1),(2509,1),(587,1),(891,1),(1203,1),(1449,1),(2538,1),(730,1),(778,1),(2350,1),(1944,1),(301,1),(363,1),(466,1),(1092,1),(1537,1),(1948,1),(2589,1),(1298,1),(2060,1),(2435,1),(1416,1),(220,1),(2659,1),(327,1),(1900,1),(1595,1),(1632,1),(297,1),(44,1),(480,1),(679,1),(2402,1),(1526,1),(1782,1),(440,1),(1643,1),(895,1),(903,1),(132,1),(1515,1),(1687,1),(1728,1),(2251,1),(639,1),(1096,1),(1713,1),(2097,1),(239,1),(488,1)	
Harmonious (594,1)	
Have (1941,1)	
Hello (2667,1)	
Heroes (2681,1)	
Higher (374,1)	
Highest (177,1),(184,1),(2049,1),(2155,1)	
Holding (765,1)	
Home (1654,1)	
Homecoming (2087,1)	
Hour (1604,1)	
House (1473,1)	
I (1148,1),(521,1)	
II (142,1),(2186,1),(227,1),(2630,1),(81,1),(850,1),(117,1),(1776,1),(1901,1),(407,1),(212,1),(454,1),(63,1),(667,1),(113,1),(1174,1),(1424,1),(2069,1),(685,1),(92,1),(928,1),(52,1),(2407,1),(2498,1),(2641,1),(45,1)	
III (260,1),(437,1),(1070,1),(1306,1),(220,1),(2402,1)	
IP (1108,1)	
If (1003,1),(1461,1)	
Illumination (1001,1)	
Image (835,1)	
Immutable (304,1)	
Implement (208,1)	
Importance (2285,1)	
In (1047,1),(1157,1),(2190,1),(882,1)	
Include (1851,1)	
Incompatibility (1681,1)	
Increasing (1636,1),(1827,1),(2552,1),(334,1),(738,1),(950,1)	
Increment (2536,1),(945,1)	
Incremental (1860,1)	
Index (1802,1)	
Indices (2576,1)	
Information (1965,1)	
Inheritance (1600,1)	
Insert (35,1),(57,1)	
Inserter (919,1)	
Insertions (1541,1)	
Inside (1453,1),(1828,1),(2249,1)	
Instructions (1649,1)	
Integer (1237,1),(1394,1),(1505,1),(1985,1),(2571,1),(7,1),(12,1)	
Integers (2235,1),(2554,1),(600,1),(970,1),(992,1),(1304,1)	
Intersection (350,1)	
Intersections (986,1)	
Interval (1124,1),(57,1)	
Intervals (1288,1),(56,1)	
Into (1013,1)	
Inverse (629,1)	
Is (1752,1),(1961,1),(2294,1)	
Island (1568,1),(695,1)	
Islands (1905,1)	
It (1232,1),(1250,1)	
Iterator (1286,1),(173,1),(900,1)	
Itinerary (332,1)	
Its (2441,1)	
Job (1335,1)	
Jobs (1723,1)	
Jump (1345,1)	
Jumps (1654,1)	
K (1296,1),(1337,1),(1414,1),(2462,1),(787,1),(1461,1),(2099,1),(992,1),(347,1),(402,1),(857,1),(974,1),(2183,1),(2202,1),(2488,1)	
K-Beauty (2269,1)	
K-diff (532,1)	
K-th (779,1),(786,1)	
Keep (1579,1),(2154,1)	
Key (2190,1),(482,1)	
Key-Value (981,1)	
Knight (688,1)	
Kth (1539,1),(1850,1),(2040,1),(215,1),(2583,1),(703,1),(1483,1)	
LFU (460,1)	
Labelled (1104,1)	
Labels (763,1)	
Ladder (126,1)	
Land (1162,1)	
Large (1036,1)	
Larger (363,1)	
Largest (1796,1),(1895,1),(1903,1),(2272,1),(2441,1),(368,1),(515,1),(1727,1),(812,1),(764,1),(1624,1),(1738,1),(1363,1)	
Laser (2125,1)	
Last (1352,1),(1503,1),(58,1)	
Latest (1900,1),(2332,1),(1562,1)	
Lattice (2249,1)	
Leaf (1080,1),(988,1),(1022,1)	
Leaf-Similar (872,1)	
Least (1368,1),(1481,1),(862,1)	
Leaves (1325,1),(1123,1)	
Left (2516,1),(2574,1),(404,1)	
Length (58,1),(1239,1),(1415,1),(1437,1),(1697,1),(2074,1)	
Length-3 (1930,1)	
Less (1292,1)	
Letter (2030,1),(2423,1)	
Letters (316,1),(848,1)	
Level (1161,1)	
Lexicographical (440,1)	
Lexicographically (1718,1),(2663,1)	
Life (289,1)	
Lines (806,1)	
Linked (725,1),(817,1),(1171,1),(141,1),(2095,1),(237,1),(707,1)	
List (1327,1),(203,1),(328,1),(382,1),(430,1),(1019,1),(1367,1),(148,1),(61,1),(83,1)	
Lists (1669,1)	
Location (1263,1)	
Lock (752,1)	
Log (1598,1),(937,1)	
Logical (558,1)	
Longer (1869,1)	
Longest (2014,1),(2414,1),(1493,1),(1839,1),(1923,1),(2407,1),(300,1),(1156,1),(1372,1),(3,1),(524,1),(674,1),(128,1),(2311,1),(2609,1),(388,1),(395,1),(2131,1),(2432,1)	
Lower (374,1),(709,1)	
Lowest (236,1)	
M (1562,1),(1566,1)	
Machines (517,1)	
Magic (840,1)	
Magical (481,1),(878,1)	
Magnetic (1552,1)	
Majority (1157,1)	
Make (1312,1),(1664,1),(1888,1),(2009,1),(2508,1),(2654,1),(1466,1),(1558,1),(2287,1),(2449,1),(2584,1),(768,1),(944,1),(1590,1),(1653,1),(1671,1),(801,1),(1187,1),(2111,1),(2357,1),(2607,1),(955,1)	
Manager (1797,1),(1845,1)	
Match (686,1)	
Matching (1773,1)	
Matrix (2392,1),(240,1),(2675,1),(329,1),(1337,1),(1380,1),(1582,1),(1605,1),(1252,1),(1351,1),(1975,1),(2679,1)	
Max (2342,1),(485,1),(768,1),(1004,1),(1301,1),(1499,1),(1617,1),(1679,1)	
Maximize (1659,1),(2528,1)	
Maximum (1514,1),(1705,1),(1840,1),(1877,1),(2643,1),(654,1),(104,1),(1235,1),(1297,1),(1323,1),(1491,1),(1594,1),(1800,1),(2317,1),(1026,1),(1239,1),(1947,1),(2566,1),(2658,1),(559,1),(643,1),(1770,1),(1815,1),(2016,1),(2591,1),(1620,1),(1749,1),(2511,1),(2382,1),(2397,1),(1833,1),(2294,1),(2496,1),(1161,1),(1561,1),(1792,1),(1855,1),(1921,1),(2430,1),(962,1),(1422,1),(1668,1),(1646,1),(2151,1),(2218,1),(1224,1),(1349,1)	
Maze (1926,1)	
Medium (2187,1),(930,1),(402,1),(46,1),(754,1),(1139,1),(1894,1),(1249,1),(1447,1),(1476,1),(1638,1),(2415,1),(608,1),(1043,1),(1171,1),(820,1),(1546,1),(2327,1),(453,1),(109,1),(1311,1),(886,1),(1054,1),(138,1),(1524,1),(1605,1),(2048,1),(2202,1),(413,1),(1186,1),(1487,1),(714,1),(718,1),(2121,1),(2381,1),(2598,1),(853,1),(1300,1),(1465,1),(1850,1),(299,1),(567,1),(57,1),(875,1),(1333,1),(152,1),(1744,1),(2521,1),(2602,1),(457,1),(831,1),(1292,1),(1535,1),(2275,1),(24,1),(945,1),(963,1),(105,1),(1227,1),(1953,1),(1975,1),(721,1),(17,1),(1898,1),(2477,1),(2587,1),(2161,1),(2349,1),(1906,1),(842,1),(1722,1),(1726,1),(284,1),(424,1),(622,1),(1472,1),(1689,1),(1861,1),(343,1),(794,1),(86,1),(1238,1),(1663,1),(2628,1),(916,1),(1609,1),(200,1),(376,1),(662,1),(707,1),(1193,1),(2260,1),(2033,1),(365,1),(695,1),(1443,1),(2,1),(2165,1),(648,1),(659,1),(167,1),(1670,1),(417,1),(6,1),(2433,1),(2583,1),(31,1),(2550,1),(2679,1),(640,1),(923,1),(1630,1),(556,1),(2507,1),(1674,1),(1887,1),(215,1),(2462,1),(2044,1),(2125,1),(2491,1),(516,1),(1461,1),(2466,1),(1410,1),(318,1),(1993,1),(2080,1),(688,1),(134,1),(1513,1),(2576,1),(2653,1),(347,1),(1942,1),(1968,1),(1865,1),(2316,1),(1094,1),(178,1),(2055,1),(2411,1),(743,1),(1090,1),(1593,1),(2257,1),(2675,1),(2279,1),(846,1),(1366,1),(222,1),(307,1),(310,1),(468,1),(2536,1),(2594,1),(970,1),(1414,1),(2385,1),(406,1),(189,1),(394,1),(673,1),(1124,1),(208,1),(1391,1),(1733,1),(1759,1),(1829,1),(2554,1),(1061,1),(1267,1),(592,1),(974,1),(1315,1),(2271,1),(1818,1),(802,1),(2374,1),(442,1),(97,1),(1807,1),(2352,1),(1737,1),(2217,1),(2400,1),(2419,1),(1131,1),(1319,1),(1986,1),(2150,1),(53,1),(790,1),(985,1),(1014,1),(1296,1),(2091,1),(684,1),(75,1),(1146,1),(1348,1),(1072,1),(909,1),(192,1),(978,1),(1616,1),(1641,1),(2396,1),(1946,1),(2008,1),(2370,1),(240,1),(486,1),(71,1),(981,1),(1164,1),(1234,1),(835,1),(1711,1),(64,1),(2305,1),(2657,1),(93,1),(1557,1),(1814,1),(1685,1),(1997,1),(2572,1),(435,1),(497,1),(787,1),(1117,1),(1418,1),(1780,1),(2631,1),(538,1),(967,1),(1010,1),(1029,1),(2095,1),(398,1),(769,1),(893,1),(1498,1),(1696,1),(1007,1),(2110,1),(581,1),(949,1),(1003,1),(464,1),(611,1),(934,1),(130,1),(626,1),(2671,1),(570,1),(585,1),(817,1),(82,1),(901,1),(1362,1),(2624,1),(211,1),(39,1),(390,1),(1201,1),(1344,1),(655,1),(1209,1),(1395,1),(523,1),(677,1),(912,1),(2059,1),(237,1),(475,1),(633,1),(729,1),(116,1),(2606,1),(372,1),(725,1),(79,1),(813,1),(1432,1),(204,1)	
Meeting (1883,1)	
Memoize (2623,1),(2630,1)	
Merge (1000,1),(1899,1),(1932,1),(21,1)	
Middle (1670,1),(2095,1)	
Mini (385,1)	
Minimize (1675,1),(1877,1),(2232,1)	
Minimum (1541,1),(2571,1),(2612,1),(1318,1),(1505,1),(2333,1),(2391,1),(939,1),(1879,1),(2304,1),(1824,1),(209,1),(2193,1),(2322,1),(1482,1),(1761,1),(2366,1),(1200,1),(1750,1),(2058,1),(2160,1),(2483,1),(2528,1),(2568,1),(1284,1),(1758,1),(2087,1),(2209,1),(2344,1),(931,1),(1864,1),(1963,1),(1347,1),(153,1),(1578,1),(1611,1),(1703,1),(1806,1),(1039,1),(1266,1),(2256,1),(2645,1),(1974,1),(2139,1),(1509,1),(1769,1),(2171,1),(2186,1),(2216,1),(539,1),(1130,1),(1413,1)	
Missing (2003,1),(41,1)	
Module (715,1)	
Money (2591,1),(1716,1),(2412,1)	
More (181,1),(596,1)	
Most (11,1),(1838,1),(2556,1),(602,1),(819,1),(826,1),(947,1)	
Mountain (941,1)	
Mouse (1728,1)	
Move (1263,1)	
Moves (1509,1),(2139,1),(2193,1)	
Movie (1341,1)	
Movies (620,1)	
Moving (1033,1),(1040,1)	
Multiple (1354,1)	
Multiplication (1770,1),(537,1)	
Mysterious (1521,1)	
N (902,1),(957,1)	
N-Queens (52,1)	
N-ary (590,1)	
N-th (1137,1)	
Name (925,1)	
Needed (2073,1)	
Negabinary (1073,1)	
Negative (1351,1),(2529,1)	
Neighboring (2683,1)	
Nested (341,1)	
Network (1192,1),(1615,1)	
Next (503,1)	
Nice (1814,1)	
Nim (292,1)	
Node (1019,1),(1026,1),(2096,1),(382,1)	
Nodes (2493,1),(2581,1),(1519,1),(1782,1),(2181,1)	
Non-Overlapping (1621,1)	
Non-decreasing (491,1)	
Non-negative (2598,1),(600,1)	
Not (1968,1)	
Nth (1545,1)	
Number (1201,1),(1553,1),(1986,1),(200,1),(2037,1),(2220,1),(233,1),(1128,1),(996,1),(754,1),(2110,1),(2224,1),(2264,1),(2341,1),(2367,1),(611,1),(806,1),(1751,1),(747,1),(871,1),(1568,1),(1498,1),(1524,1),(1546,1),(1557,1),(1579,1),(1719,1),(1935,1),(1326,1),(2114,1),(2239,1),(1953,1),(2059,1),(2356,1),(321,1),(1733,1),(1946,1),(2576,1),(1395,1),(1689,1),(1759,1),(2165,1),(2396,1),(1520,1),(1539,1),(1319,1),(1601,1),(17,1),(1700,1),(2190,1),(2338,1),(2503,1),(673,1),(1593,1),(1513,1),(1850,1),(1414,1),(1780,1),(2048,1),(2125,1),(2147,1),(509,1),(1450,1),(2349,1),(2572,1),(2231,1),(2400,1),(1942,1),(2554,1),(2437,1),(2044,1),(2327,1),(2426,1),(2617,1),(1072,1),(2518,1),(619,1),(1898,1)	
Numbers (201,1),(2094,1),(829,1),(1365,1),(1523,1),(1680,1),(315,1),(421,1),(902,1),(1295,1),(193,1),(2197,1)	
OR (2680,1),(558,1)	
Object (2633,1)	
Observations (2028,1)	
Obstacles (1293,1)	
Obtain (2169,1)	
Obtained (1589,1),(1886,1),(2135,1)	
Occurrence (28,1)	
Occurrences (1941,1)	
Odd (1609,1),(2415,1),(2451,1),(1252,1),(1524,1)	
Of (2321,1),(1005,1),(1782,1)	
One (1053,1),(1493,1),(1604,1),(1611,1),(1790,1),(1909,1),(623,1)	
Ones (1784,1),(1869,1),(600,1)	
Only (917,1)	
Operating (1599,1)	
Operations (1769,1),(1806,1),(2546,1),(2571,1),(2612,1),(1585,1),(1611,1)	
Optimal (553,1)	
Oranges (994,1)	
Order (429,1),(102,1),(1163,1),(1839,1)	
Orders (1418,1)	
Origin (973,1)	
Original (2433,1)	
Out (2032,1)	
Overlap (835,1)	
Overlapping (1401,1)	
P (1590,1)	
Pair (1190,1),(1855,1),(1877,1),(2342,1)	
Pairs (2097,1),(2354,1),(2563,1),(532,1),(954,1),(1782,1),(2006,1)	
Palindrome (2217,1),(336,1),(479,1),(680,1),(1278,1),(1616,1)	
Palindromes (906,1)	
Palindromic (1332,1),(1930,1),(2384,1)	
Pancake (969,1)	
Parentheses (1541,1),(2267,1),(241,1)	
Parenthesis (678,1)	
Parity (2231,1),(905,1)	
Parse (736,1)	
Parser (385,1)	
Partition (1013,1),(2025,1)	
Partitioning (131,1)	
Partitions (2518,1)	
Password (2299,1)	
Path (112,1),(1971,1),(2642,1),(329,1),(71,1),(1289,1),(1391,1),(2246,1),(64,1),(864,1)	
Paths (1457,1),(2421,1),(63,1)	
Pattern (290,1),(456,1)	
Peeking (284,1)	
People (1944,1),(1452,1)	
Perfect (507,1),(279,1),(367,1)	
Performing (2011,1)	
Perimeter (976,1)	
Permutation (1053,1),(1589,1),(1806,1),(784,1)	
Permutations (46,1)	
Phone (193,1)	
Pick (398,1),(710,1),(2260,1)	
Pieces (2312,1)	
Pizza (1444,1)	
Plates (2055,1)	
Played (1904,1)	
Players (2410,1)	
Plus (764,1)	
Point (2250,1),(478,1)	
Points (1610,1),(1937,1),(2585,1),(1423,1),(1584,1),(1595,1)	
Poker (2347,1)	
Polygon (1039,1)	
Population (1854,1)	
Position (35,1),(1377,1),(1964,1),(2400,1)	
Positive (1539,1),(2529,1)	
Possible (886,1),(1575,1),(2136,1)	
Postorder (106,1)	
Power (231,1)	
Powers (2438,1)	
Prefix (1392,1),(14,1),(1455,1),(1961,1),(2416,1)	
Price (2538,1)	
Prime (1175,1),(2507,1),(2521,1)	
Print (1115,1),(1324,1)	
Probability (1467,1)	
Problem (365,1)	
Product (152,1),(1913,1),(1960,1),(1281,1),(1458,1),(2040,1),(2521,1),(318,1),(479,1),(1164,1),(1726,1)	
Profitable (2467,1)	
Progression (1502,1)	
Push (838,1)	
Quad-Trees (558,1)	
Queries (2458,1),(2476,1),(2564,1),(1211,1),(1310,1),(1828,1)	
Query (1851,1),(2070,1)	
Queue (1944,1),(899,1)	
Queues (225,1)	
Rabbits (781,1)	
Rain (407,1)	
Ramp (962,1)	
Range (1508,1),(2523,1),(327,1),(598,1),(910,1)	
Ranges (2104,1),(2559,1),(2580,1)	
Rank (1615,1),(2102,1)	
Rate (1934,1)	
Reach (2400,1),(754,1),(1557,1),(1850,1),(1928,1)	
Rearrange (2149,1)	
Rearranging (1846,1)	
Reconstruct (1253,1),(423,1)	
Record (552,1)	
Recover (2122,1)	
Rectangle (963,1)	
Rectangles (1725,1)	
Redistribute (1897,1)	
Reduce (1338,1),(1404,1)	
Reduction (1887,1)	
Referee (584,1)	
Reformat (1507,1)	
Regions (130,1)	
Regular (10,1)	
Relative (506,1)	
Removable (1898,1)	
Removal (2290,1)	
Removals (1481,1)	
Remove (546,1),(722,1),(1233,1),(1288,1),(1332,1),(1909,1),(2487,1),(27,1)	
Removing (2091,1)	
Rental (1912,1)	
Reordered (869,1)	
Repair (2594,1)	
Repeating (2213,1),(424,1)	
Replace (1378,1),(1576,1),(1844,1)	
Reports (570,1)	
Representation (1238,1)	
Requests (2076,1)	
Restaurant (1418,1)	
Restore (1743,1)	
Restricted (1786,1)	
Reversal (2119,1)	
Reverse (917,1),(92,1),(2443,1),(2612,1),(344,1),(557,1),(7,1)	
Reward (2512,1)	
Right (199,1)	
Rings (2103,1)	
Robot (2069,1),(2087,1)	
Roll (1223,1)	
Room (855,1)	
Rooms (841,1)	
Root (2236,1),(1022,1),(1080,1)	
Rotate (796,1),(396,1),(48,1)	
Rotated (154,1),(33,1)	
Rotations (1210,1)	
Rotting (994,1)	
Routes (1466,1)	
Row (623,1)	
Rows (1072,1),(1337,1)	
Russian (354,1)	
Safe (802,1)	
Salary (177,1),(184,1),(1907,1),(1491,2)	
Sales (1084,1),(607,1)	
Same (2672,1),(805,1),(100,1),(1217,1),(1569,1),(2038,1)	
Satisfiability (990,1)	
Satisfy (1498,1),(1737,1)	
Schedule (1335,1)	
Score (2593,1),(861,1),(1039,1),(1255,1),(2139,1),(2322,1),(2542,1)	
Scores (178,1)	
Search (81,1),(96,1),(212,1),(2476,1),(700,2),(704,1),(74,1)	
Seat (1227,1),(2037,1)	
Seconds (1377,1)	
Segment (1784,1)	
Segments (1787,1)	
Self (238,1),(315,1)	
Sell (122,1),(188,1)	
Senior (2678,1)	
Sentence (1816,1),(2042,1)	
Separate (1977,1)	
Sequence (1502,1),(2242,1),(60,1),(842,1)	
Sequences (946,1)	
Sequential (2453,1)	
Sequentially (2102,1)	
Serialization (331,1)	
Serialize (449,1)	
Servers (1606,1)	
Service (1515,1)	
Servings (808,1)	
Sessions (1986,1)	
Set (645,1),(762,1),(902,1)	
Sets (1296,1)	
Shapes (892,1)	
Sheet (2194,1)	
Shopping (638,1)	
Shortest (2515,1),(1091,1),(1129,1),(1293,1),(214,1)	
Shuffle (1470,1)	
Similar (2363,1),(839,1)	
Simplify (71,1)	
Size (1461,1),(1876,1),(952,1)	
Slanted (2075,1)	
Slices (413,1),(446,1),(1388,1)	
Sliding (773,1)	
Slowest (1629,1)	
Smaller (2148,1)	
Smallest (2057,1),(440,1),(668,1),(2413,1),(378,1),(1081,1),(1283,1),(1625,1),(1643,1),(2336,1),(2343,1),(910,1)	
Solve (640,1)	
Solver (37,1)	
Solving (2140,1)	
Some (1619,1)	
Sort (922,1),(1356,1),(148,1),(1998,1),(2191,1),(324,1)	
Sorted (769,1),(109,1),(1641,1),(167,1),(2040,1),(1351,1),(1649,1),(1685,1),(82,1)	
Sorting (2089,1),(1859,1)	
Soup (808,1)	
Special (1955,1),(1995,1),(2376,1),(2662,1)	
Split (2270,1),(410,1)	
Splitting (1422,1)	
Square (633,1),(1139,1),(1292,1)	
Squares (1240,1)	
Stack (1381,1),(155,1),(225,1)	
Stairs (746,1)	
Stamping (936,1)	
Stars (2390,1)	
Step (1413,2)	
Steps (2400,1)	
Stick (1547,1)	
Stone (1049,1),(1140,1),(1690,1),(877,1)	
Stones (1000,1),(1033,1),(1040,1),(771,1)	
Stops (1184,1)	
Store (2064,1)	
Strictly (1187,1),(2148,1)	
String (828,1),(1061,1),(1234,1),(1784,1),(2451,1),(1531,1),(2264,1),(839,1),(387,1),(394,1),(541,1),(761,1),(1528,1),(1593,1),(2062,1),(28,1),(97,1),(1704,1),(1807,1),(1957,1),(567,1),(1047,1),(1209,1),(1461,1),(1663,1),(806,1)	
Strings (1170,1),(1684,1),(2506,1),(854,1),(1071,1),(1790,1),(2157,1),(2186,1),(2227,1),(1347,1),(1754,1),(1897,1),(2546,1),(2586,1),(1967,1),(205,1),(2223,1)	
Strong (2299,1)	
Structure (211,1)	
Student (552,1),(1894,1)	
Students (1280,1)	
Sub-Tree (1519,1)	
Subarray (581,1),(974,1),(978,1),(1186,1),(2653,1),(523,1),(53,1),(718,1),(1157,1),(152,1),(2334,1),(2419,1)	
Subarrays (1248,1),(2348,1),(2447,1),(795,1),(898,1),(1031,1),(1460,1),(2395,1),(2461,1),(689,1)	
Subgraph (2203,1)	
Submatrices (1277,1)	
Subsequence (1713,1),(1911,1),(521,1),(334,1),(392,1),(594,1),(873,1),(1027,1),(1081,1),(1218,1),(2486,1),(891,1)	
Subsequences (115,1),(1819,1),(1987,1),(2207,1),(940,1)	
Subset (368,1),(416,1)	
Substring (2156,1),(459,1),(1177,1),(1371,1),(1456,1)	
Substrings (467,1),(647,1),(1190,1),(1316,1),(1781,1),(2063,1),(2522,1)	
Subtree (2003,1),(2458,1),(865,1)	
Sudoku (37,1)	
Sufficient (1125,1)	
Sum (303,1),(1186,1),(1292,1),(1546,1),(167,1),(1685,1),(1748,1),(112,1),(1281,1),(1373,1),(2172,1),(39,1),(813,1),(1780,1),(1818,1),(930,1),(2679,1),(307,1),(1304,1),(1865,1),(2099,1),(2507,1),(2569,1),(2583,1),(1975,1),(938,1),(1043,1),(1171,1),(1289,1),(1414,1),(1425,1),(1524,1),(985,1),(1300,1),(1498,1),(2389,1),(523,1),(1755,1),(1315,1),(633,1),(64,1),(677,1)	
Sums (1354,1),(373,1)	
Super (372,1)	
Surrounded (130,1)	
Swap (888,1)	
Swaps (1202,1),(1536,1),(801,1)	
Symmetric (101,1)	
System (1603,1),(1948,1)	
Take (2516,1)	
Target (1546,1),(1263,1),(1300,1)	
Tasks (1882,1)	
Tastiness (2517,1)	
Taxes (2303,1)	
Text (68,1)	
Than (181,1),(2275,1),(2334,1),(596,1)	
That (1074,1),(1353,1),(1379,1),(1449,1),(1779,1)	
The (2332,1),(2369,1),(789,1),(1416,1),(1492,1),(1544,1),(1904,1),(466,1),(936,1),(1467,1),(1731,1),(1900,1),(2039,1)	
Three (1358,1),(1509,1),(1604,1),(1952,1),(2032,1),(326,1),(1013,1),(1262,1)	
Threshold (2334,1),(1292,1),(1627,1)	
Throne (1600,1)	
Throttle (2676,1)	
Tickets (2286,1),(2073,1)	
Tilt (563,1)	
Time (981,1),(1443,1),(1883,1),(2187,1),(2594,1),(743,1),(949,1),(2532,1),(714,1),(1928,1),(2073,1),(2224,1),(2385,1),(123,1),(1450,1)	
Times (1604,1),(2014,1)	
To (1016,1),(1144,1),(709,1)	
Together (2409,1)	
Tokens (948,1)	
Top (2512,1)	
Total (1741,1),(2463,1)	
Totals (1863,1)	
Track (1560,1)	
Trailing (2245,1)	
Transactions (1193,1)	
Transform (782,1)	
Transformable (1585,1)	
Transpose (194,1)	
Traversal (102,1),(1028,1),(106,1),(429,1),(971,1)	
Tree (1448,1),(236,1),(654,1),(108,1),(669,1),(834,1),(919,1),(104,1),(144,1),(173,1),(515,1),(559,1),(98,1),(1008,1),(427,1),(889,1),(111,1),(1367,1),(199,1),(94,1),(100,1),(1161,1),(331,1),(863,1),(2096,1),(2331,1),(2467,1),(2603,1)	
Tree) (208,1)	
Trees (617,1),(675,1),(95,1)	
Triangle (120,1)	
Trim (669,1)	
Trio (1761,1)	
Triplets (2367,1)	
Turbulent (978,1)	
Two (1,1),(1880,1),(21,1),(2555,1),(757,1),(599,1),(1385,1),(1477,1),(1624,1),(1657,1),(2078,1),(2452,1),(2492,1),(1073,1),(1305,1),(371,1),(29,1),(445,1)	
Ugly (264,1)	
Uncrossed (1035,1)	
Undirected (2316,1)	
Unequal (2499,1)	
Unguarded (2257,1)	
Unique (828,1),(945,1),(1304,1),(1487,1),(1593,1),(1748,1),(2356,1),(387,1)	
Update (2569,1)	
Using (2434,1),(470,1)	
V (1563,1)	
VII (1871,1)	
Valid (65,1),(1037,1),(2056,1),(32,1),(36,1)	
Validate (98,1)	
Valleys (2210,1)	
Value (1881,1),(1896,1),(2057,1),(2156,1)	
Values (1855,1),(2522,1)	
Vertically (1324,1)	
Vertices (1557,1)	
Virus (749,1)	
Visited (1581,1)	
Vowels (1220,1),(2063,1)	
Water (1326,1),(365,1),(417,1),(42,1)	
Watering (2079,1),(2105,1)	
Ways (1916,1),(2025,1),(2270,1),(241,1)	
Weak (1996,1)	
Wear (1434,1)	
Week (1185,1)	
Weeks (1953,1)	
Weight (1046,1),(528,1)	
Where (1997,1)	
Whether (2068,1)	
Which (1731,1)	
Who (1581,1)	
Widest (1637,1)	
Win (2555,1)	
Winner (1823,1)	
With (2180,1),(2302,1),(2441,1),(1617,1),(1866,1),(2085,1),(2225,1),(1381,1),(1620,1),(1631,1),(2049,1),(2342,1),(1334,1),(1477,1),(1727,1),(1884,1),(2522,1),(2643,1),(2672,1),(1378,1),(2023,1),(2078,1),(2144,1),(2195,1),(2203,1),(2272,1),(823,1),(1202,1),(2030,1),(2140,1),(2148,1),(2092,1),(2155,1),(2610,1),(805,1),(1374,1),(1965,1),(2368,1),(2470,1)	
Within (2398,1)	
Without (984,1)	
Wood (2312,1)	
Word (1880,1),(290,1),(58,1),(720,1),(126,1),(140,1),(1455,2)	
Words (1324,1),(2185,1),(804,1),(884,1)	
Work (1953,1),(1986,1)	
Worked (2432,1)	
World (2667,1)	
Write (806,1)	
XOR (1803,1),(1829,1)	
Xor (2433,1)	
Y (1779,1)	
Year (1854,1)	
You (1432,1),(1744,1),(1935,1),(1953,1),(1997,1)	
Zero (1611,1),(1787,1),(982,1),(1116,1),(1284,1)	
Zeroes (283,1),(474,1),(793,1)	
Zeros (1869,1)	
ZigZag (1372,1)	
Zuma (488,1)	
a (1760,1),(2332,1),(235,1),(1452,1),(1515,1),(2471,1),(1713,1),(2211,1),(2255,1),(419,1),(1250,1),(1742,1),(2116,1),(2280,1),(1232,1),(1805,1),(1793,1),(1812,1),(2662,1),(345,1),(1221,1),(1283,1),(671,1),(1261,1),(2358,1),(2130,1),(2497,1),(653,1),(1320,1),(1342,1),(2192,2),(2509,1),(2673,1),(1526,1),(2109,1),(914,2),(2556,1),(378,1),(1335,1),(1467,1),(2390,1),(2608,1),(1632,1),(1849,1),(1878,1),(2042,1),(2138,1),(2185,1),(2369,1),(2684,1),(1368,1),(1382,1),(2127,1),(1379,3),(1456,1),(1944,1),(701,1),(987,1),(1290,1),(1328,1),(1599,1),(2383,1),(1409,1),(1573,1),(958,1)	
an (1432,1),(1535,1),(2194,1),(2547,1),(442,1),(1281,1),(1814,1),(215,1),(2176,1),(2190,1),(2316,1),(912,1),(1656,1)	
and (1359,1),(262,1),(790,1),(2352,1),(1050,1),(1605,1),(2091,1),(2176,1),(211,1),(2529,1),(105,1),(1281,1),(1333,1),(2103,1),(365,1),(592,1),(714,1),(909,1),(123,1),(1465,1),(2309,1),(299,1)	
are (2038,1)	
array (1735,1),(2435,1),(2611,1),(862,1),(1001,1),(1005,1),(1184,1),(2354,1),(59,1),(1207,1),(1816,1),(1962,1),(1463,1),(169,1),(961,1),(1944,1),(2570,1),(312,1),(914,1),(1218,1),(1335,1),(1937,1),(675,1),(840,1),(918,1),(1052,1),(2105,1),(396,1),(503,1),(565,1),(628,1),(2013,1),(2482,1),(2552,1),(2527,1),(598,1),(2574,1),(309,1),(1162,1),(1438,1),(1690,1),(1687,1),(2596,1),(73,1),(1801,1),(2039,1),(2071,1),(2439,1),(1191,1),(1232,1),(1478,1),(2673,1),(741,1),(1089,1),(1834,1),(2556,1),(2442,1),(455,1),(888,1),(969,1),(1144,1),(1838,1),(2064,1),(1562,1),(1955,1),(491,1),(1827,1),(480,1),(811,1),(932,1),(976,1),(1298,1),(2350,1),(2659,1),(1591,1),(1980,1),(2446,1),(2640,1),(349,1),(1375,1),(1470,1),(15,1),(561,1),(88,1),(891,1),(2145,1),(2208,1),(2233,1),(33,1),(1210,1),(2196,1),(2567,1),(2200,1),(363,1),(587,1),(1074,1),(1526,1),(198,1),(154,1),(1559,1),(80,1),(118,1),(1434,1),(2006,1),(477,1),(682,1),(1793,1),(1856,1),(2343,1),(1386,1),(213,1),(2538,1),(2512,1),(1353,1),(2149,1),(2453,1),(2255,1),(2273,1),(2563,1),(705,1),(1537,1),(2017,1),(2501,1),(2295,1),(2545,1),(260,1),(1423,1),(1481,1),(1706,1),(37,1),(529,1),(1584,1),(1991,1),(26,1),(473,1),(594,1),(1658,1),(1775,1),(381,1),(2358,1),(2615,1),(327,1),(40,1),(778,1),(1122,1),(1409,1),(2347,1),(48,1),(1254,1),(1368,1),(378,1),(1599,1),(2057,1),(518,1),(239,1),(2592,1),(2662,1),(495,1),(1577,1),(1823,1),(2251,1),(2163,1),(929,1),(1566,1),(1764,1),(1926,1),(2497,1),(990,1),(1331,1),(1441,1),(1889,1),(2398,1),(1306,1),(150,1),(2244,1),(877,1),(950,1),(1508,1),(2028,1),(646,1),(2101,1),(2109,1),(11,1),(1357,1),(1672,1),(84,1),(2079,1),(2406,1),(419,1),(2303,1),(2475,1),(1027,1),(1995,1),(2280,1),(2549,1),(275,1),(330,1),(462,1),(554,1),(121,1),(1911,1),(2141,1),(1504,1),(1878,1),(954,1),(697,1),(1665,1),(2248,1),(2589,1),(2644,1),(848,1),(983,1),(1959,1),(2170,1),(220,1),(228,1),(2321,1),(2585,1),(1863,1),(2035,1),(2185,1),(334,1),(1948,1),(2460,1),(2530,1),(1728,1),(4,1),(781,1),(1287,1),(1588,1),(1720,1),(1654,1),(2134,1),(2365,1),(2402,1),(679,1),(2053,1),(2226,1),(2420,1),(51,1),(55,1),(943,1),(1034,1),(1632,1),(2541,1),(833,1),(851,1),(910,1),(1636,1),(1779,1),(1870,1),(873,1),(1324,1),(1449,1),(1760,1),(1713,1),(815,1),(826,1),(217,1),(2383,1),(268,1),(752,1),(907,1),(1346,1),(1643,1),(1984,1),(448,1),(532,1),(749,1),(789,1),(1140,1),(2369,1),(2428,1),(1629,1),(1049,1),(1452,1),(1610,1),(1250,1),(1595,1),(66,1),(2215,1),(525,1),(822,1),(804,1),(1313,1),(136,1),(2284,1),(2332,1),(994,1),(1030,1),(1283,1),(1467,1)	
at (1368,1),(2556,1),(862,1),(880,1)	
b (1318,1)	
backtracking (1947,1),(526,1),(140,1),(1415,1),(2056,1),(2397,1),(306,1),(401,1),(797,1),(1239,1),(1723,1),(980,1),(2151,1),(47,1),(1774,1),(2375,1),(357,1),(698,1),(816,1),(90,1),(126,1),(1286,1)	
biconnected-component (1192,1)	
binary-indexed-tree (315,1),(1505,1),(2179,1),(2193,1),(2407,1)	
binary-search (1235,1),(2111,1),(2250,1),(2302,1),(1004,1),(1187,1),(2089,1),(658,1),(1477,1),(1631,1),(1851,1),(2540,1),(441,1),(731,1),(1671,1),(1862,1),(287,1),(456,1),(1488,1),(1712,1),(2258,1),(540,1),(793,1),(911,1),(1011,1),(2070,1),(2555,1),(852,1),(1044,1),(162,1),(1855,1),(1954,1),(2009,1),(1095,1),(1385,1),(1521,1),(1932,1),(69,1),(786,1),(878,1)	
binary-search-tree (1038,1),(1382,1),(235,1),(653,1),(701,1),(95,1),(99,1)	
binary-tree (2641,1),(337,1),(450,1),(872,1),(106,1),(1457,1),(894,1),(968,1),(1028,1),(96,1),(1361,1),(1530,1),(230,1),(652,1),(814,1),(971,1),(993,1),(102,1),(1123,1),(1145,1),(2458,1),(113,1),(124,1),(1325,1),(1372,1),(513,1),(979,1),(117,1),(700,1),(2476,1),(623,1),(865,1)	
bit-manipulation (2411,1),(2572,1),(1601,1),(2044,1),(2419,1),(1461,1),(1542,1),(1681,1),(1986,1),(2275,1),(691,1),(864,1),(1829,1),(2172,1),(2433,1),(996,1),(1755,1),(1494,1),(2305,1),(318,1),(464,1),(1238,1),(1799,1),(1803,1),(2206,1),(2220,1),(868,1)	
bitmask (1595,1),(2002,1),(2035,1),(473,1),(943,1),(1434,1)	
brainteaser (292,1),(319,1),(810,1),(2425,1),(2568,1)	
breadth-first-search (199,1),(2577,1),(2658,1),(672,1),(1129,1),(1367,1),(449,1),(1202,1),(1448,1),(1466,1),(2290,1),(1293,1),(2045,1),(2092,1),(210,1),(2258,1),(2328,1),(2368,1),(797,1),(104,1),(919,1),(133,1),(207,1),(1091,1),(1161,1),(1345,1),(2467,1),(463,1),(841,1),(100,1),(1631,1),(2492,1),(690,1),(827,1),(863,1),(111,1),(1462,1),(515,1),(559,1),(959,1),(126,1)	
bucket-sort (220,1),(451,1)	
by (1764,1),(2435,1),(2545,1),(2567,1),(2556,1),(2570,1),(1203,1),(1636,1),(2149,1),(2471,1)	
combinatorics (62,1),(1467,1),(1643,1),(1735,1),(1830,1),(1863,1)	
concurrency (1117,1)	
counting (767,1),(1519,1),(169,1),(2068,1),(451,1),(2284,1),(2347,1),(2453,1),(819,1),(2006,1),(2013,1),(2244,1),(2248,1),(914,1),(1481,1),(1603,1),(1742,1),(1775,1),(1221,1),(2053,1),(2170,1),(811,1)	
counting-sort (1051,1)	
data-stream (901,1),(1032,1),(1472,1),(1656,1),(1670,1),(1825,1),(295,1),(703,1)	
database (1070,1),(1148,1),(1683,1),(1731,1),(602,1),(1045,1),(1661,1),(1757,1),(176,1),(183,1),(550,1),(620,1),(1393,1)	
depth-first-search (590,1),(965,1),(2196,1),(1306,1),(235,1),(514,1),(987,1),(99,1),(617,1),(110,1),(129,1),(2581,1),(341,1),(2097,1),(2127,1),(2538,1),(297,1),(114,1),(1261,1),(1379,1),(606,1),(1034,1),(543,1),(653,1),(778,1),(785,1),(419,1),(547,1),(572,1),(671,1),(1706,1),(2101,1),(404,1),(529,1),(2556,1),(437,1),(749,1),(1038,1),(1254,1),(2192,1),(1339,1),(2596,1),(1519,1),(1559,1),(851,1),(385,1),(1203,1),(1382,1),(257,1),(947,1),(756,1),(1302,1),(565,1)	
design (1206,1),(1352,1),(1396,1),(676,1),(731,1),(911,1),(919,1),(1172,1),(232,1),(2526,1),(449,1),(706,1),(900,1),(1381,1),(173,1),(225,1),(2276,1),(2353,1),(1286,1),(155,1),(2034,1),(2166,1),(933,1)	
divide-and-conquer (493,1),(109,1),(1649,1),(215,1),(347,1),(372,1),(53,1),(912,1),(105,1),(1982,1),(240,1),(2426,1)	
doubly-linked-list (430,1)	
dynamic-programming (329,1),(376,1),(123,1),(1494,1),(152,1),(1997,1),(2518,1),(2008,1),(42,1),(787,1),(53,1),(600,1),(1043,1),(1326,1),(2172,1),(2305,1),(2606,1),(1388,1),(790,1),(813,1),(2312,1),(233,1),(2466,1),(1524,1),(1575,1),(1681,1),(1883,1),(2088,1),(718,1),(1373,1),(1531,1),(343,1),(956,1),(1186,1),(714,1),(1425,1),(871,1),(879,1),(2370,1),(2400,1),(2547,1),(1395,1),(1458,1),(1638,1),(1696,1),(1986,1),(978,1),(996,1),(2147,1),(2572,1),(413,1),(1278,1),(1289,1),(1340,1),(1641,1),(1751,1),(446,1),(464,1),(516,1),(673,1),(688,1),(691,1),(1755,1),(1799,1),(2327,1),(354,1),(552,1),(1553,1),(174,1),(2617,1),(1014,1),(1227,1),(2484,1),(435,1),(486,1),(509,1),(1139,1),(1872,1),(2019,1),(2338,1),(2646,1),(828,1),(1223,1),(1359,1),(1931,1),(2110,1),(64,1),(1025,1),(1483,1),(1928,1),(97,1)	
enumeration (204,1),(2048,1),(2242,1),(2309,1),(2367,1),(949,1),(1601,1),(2440,1),(2437,1)	
eulerian-circuit (332,1)	
for (903,1),(1515,1),(583,1),(675,1),(712,1)	
from (889,1),(1309,1),(1770,1),(2526,1),(423,1),(632,1),(83,1),(1008,1),(2115,1)	
game-theory (1510,1),(1561,1),(1686,1),(2038,1),(375,1)	
geometry (1037,1),(2481,1),(335,1),(478,1),(812,1),(892,1),(973,1)	
graph (2421,1),(399,1),(1761,1),(2050,1),(2076,1),(913,1),(1042,1),(1361,1),(685,1),(1916,1),(2285,1),(2359,1),(1192,1),(1615,1),(1857,1),(2065,1),(847,1),(997,1)	
greedy (1578,1),(1703,1),(2366,1),(942,1),(1053,1),(1736,1),(2241,1),(1648,1),(1798,1),(1996,1),(2311,1),(1130,1),(1567,1),(2182,1),(2528,1),(410,1),(861,1),(1262,1),(2131,1),(1585,1),(2663,1),(670,1),(1013,1),(1024,1),(1710,1),(2087,1),(2410,1),(2616,1),(1402,1),(1802,1),(2216,1),(502,1),(605,1),(807,1),(2656,1),(45,1),(1509,1),(2139,1),(2160,1),(2285,1),(2384,1),(2542,1),(630,1),(2007,1),(2234,1),(135,1),(1754,1),(649,1),(2498,1),(2571,1),(678,1),(1505,1),(1824,1),(1846,1),(1963,1),(2193,1),(2601,1),(1589,1),(1864,1),(1974,1),(1383,1),(1541,1),(1673,1),(2014,1),(2029,1),(2645,1),(179,1),(1927,1),(2429,1),(517,1)	
hash-function (1461,1),(1960,1),(718,1)	
hash-table (349,1),(2170,1),(2325,1),(884,1),(1074,1),(1742,1),(1797,1),(2336,1),(2615,1),(914,1),(187,1),(202,1),(2365,1),(594,1),(1658,1),(491,1),(815,1),(2266,1),(2295,1),(264,1),(770,1),(1346,1),(169,1),(451,1),(525,1),(73,1),(1001,1),(2453,1),(448,1),(2251,1),(822,1),(888,1),(1207,1),(2581,1),(697,1),(859,1),(811,1),(1331,1),(1386,1),(1805,1),(2215,1),(2244,1),(929,1),(1357,1),(2196,1),(2512,1),(763,1),(819,1),(2006,1),(381,1),(1713,1),(554,1),(745,1),(781,1),(1027,1),(1452,1),(2350,1),(2354,1),(792,1),(1122,1),(1496,1),(2442,1),(433,1),(1371,1),(1636,1),(217,1),(2262,1),(2501,1),(2570,1),(653,1),(1577,1),(37,1),(1647,1),(2549,1),(804,1),(1218,1),(2248,1),(480,1),(1177,1),(1775,1),(2273,1),(954,1),(2068,1),(752,1),(1519,1),(2347,1),(705,1),(2516,1),(268,1),(1481,1),(2053,1),(1261,1),(2475,1),(873,1),(895,1),(961,1),(1540,1),(2013,1),(242,1),(1915,1),(987,1),(1948,1),(532,1),(2284,1),(389,1),(767,1)	
heap-priority-queue (855,1),(2233,1),(2530,1),(778,1),(2662,1),(767,1),(2163,1),(2336,1),(2402,1),(2406,1),(2424,1),(264,1),(2512,1),(862,1),(1438,1),(1753,1),(1845,1),(1834,1),(1962,1),(378,1),(480,1),(1405,1),(1878,1),(2497,1),(2398,1),(2611,1),(451,1),(1801,1),(2208,1),(239,1),(1786,1),(2343,1),(675,1),(1353,1),(1368,1),(1687,1)	
if (1391,1),(1704,1),(1780,1),(1784,1),(1832,1),(1971,1),(2543,1)	
in (2316,1),(24,1),(442,1),(688,1),(1380,1),(1403,1),(387,1),(1238,1),(1560,1),(2088,1),(530,1),(329,1),(2194,1),(2341,1),(237,1),(2583,1),(2635,1),(501,1),(1296,1),(1373,1),(567,1),(116,1),(1667,1),(1971,1),(2176,1),(2617,1),(637,1),(1252,1),(1337,1),(215,1),(1443,1),(1890,1),(2114,1),(585,1),(1209,1),(1391,1),(28,1),(1928,1),(2264,1),(1582,1),(1685,1),(2150,1),(1418,1),(1803,1),(725,1),(1351,1),(2125,1),(497,1),(2257,1),(2286,1),(2309,1),(2679,1),(703,1),(1814,1),(1997,1)	
interactive (1237,1),(278,1),(843,1)	
is (1958,1)	
iterator (1286,1),(173,1),(900,1)	
k (2400,1)	
k-th (1415,1)	
linked-list (641,1),(142,1),(2289,1),(432,1),(876,1),(146,1),(2058,1),(2296,1),(23,1),(234,1),(355,1),(117,1),(160,1),(1721,1),(2326,1),(2487,1),(92,1)	
math (12,1),(1622,1),(1835,1),(2160,1),(2652,1),(447,1),(1185,1),(1442,1),(1952,1),(593,1),(836,1),(1071,1),(1307,1),(1453,1),(319,1),(670,1),(70,2),(1390,1),(1680,1),(2249,1),(2579,1),(788,1),(883,1),(2117,1),(2513,1),(292,1),(564,1),(1006,1),(1776,1),(1806,1),(2029,1),(241,1),(2447,1),(263,1),(326,1),(858,1),(1248,1),(1648,1),(168,1),(227,1),(2344,1),(2535,1),(380,1),(384,1),(810,1),(843,1),(887,1),(1017,1),(2469,1),(2575,1),(2443,1),(458,1),(667,1),(762,1),(939,1),(1093,1),(2197,1),(2520,1),(483,1),(67,1),(902,1),(1512,1),(2348,1),(528,1),(869,1),(89,1),(913,1),(171,1),(1828,1),(2139,1),(553,1),(96,1),(1406,1),(2366,1),(829,1),(906,1),(920,1),(1266,1),(1523,1),(1563,1),(1688,1),(1916,1),(2582,1),(2601,1),(964,1),(1237,1),(1486,1),(1927,1),(223,1),(2333,1),(539,1),(7,1),(780,1),(957,1)	
matrix (240,1),(64,1),(79,1),(1289,1),(1476,1),(1605,1),(2125,1),(2257,1),(909,1),(1139,1),(1292,1),(2022,1),(934,1),(835,1),(1391,1),(1582,1),(2033,1),(2088,1),(417,1),(864,1),(1263,1),(1351,1),(1380,1),(1975,1),(2392,1),(329,1),(695,1),(1072,1),(1267,1),(1337,1),(1568,1),(174,1),(2352,1),(2536,1),(130,1),(1861,1),(200,1),(2132,1),(2639,1)	
memoization (2311,1),(546,1),(638,1),(70,2),(894,1),(139,1),(1611,1),(1659,1),(1857,1),(241,1),(913,1),(964,1),(1387,1)	
merge-sort (327,1)	
monotonic-queue (2407,1)	
monotonic-stack (84,1),(907,1),(1081,1),(1526,1),(1793,1),(316,1),(503,1),(1504,1),(1856,1),(1944,1)	
number-theory (1735,1),(2280,1),(2413,1),(2523,1),(914,1),(1250,1),(1492,1)	
of (1353,1),(1805,1),(2024,1),(2592,1),(327,1),(576,1),(1526,1),(1775,1),(1937,1),(1610,1),(2563,1),(1335,1),(1339,1),(2471,1),(628,1),(958,1),(990,1),(1764,1),(1786,1),(1731,1),(1896,1),(2130,1),(2640,2),(1379,2),(1467,2),(1621,2),(1632,1),(4,1),(873,1),(914,2),(1207,1),(1331,1),(2428,1),(2527,1),(2097,1),(2141,1),(1218,1),(2262,1),(363,1),(1823,1),(2516,1),(1944,1),(2358,1),(1573,1),(19,1),(349,1),(907,1),(1984,1),(235,1),(1838,1),(2006,1),(2215,1),(1434,1),(1508,1),(954,1),(1456,2),(2581,1),(1955,1),(2406,1),(2684,1),(404,1),(987,1),(1111,1),(1863,1),(1588,1),(1760,1),(2064,1),(2086,1),(646,1),(1276,2),(1342,1),(2383,1),(543,1),(1812,1),(1904,1),(1977,1),(2310,1),(2350,1),(2475,1),(2497,1),(1595,1),(1801,1),(1614,1),(2071,1),(2248,1),(2673,1),(1254,1),(1492,1),(345,1),(547,1),(2255,1),(2354,1),(1360,1),(2138,1),(1793,1),(2439,1),(558,1),(697,1),(1009,1),(1317,1),(1599,1),(2662,1),(2240,1),(2442,1),(1375,1),(1562,1),(1452,2),(2002,2),(2615,1),(1081,1),(1742,1),(2251,1),(2266,1),(2398,1),(891,1),(1577,3),(2178,1),(2585,1),(1915,1),(231,1),(792,1),(1155,1),(2163,1),(1566,1),(1661,1),(2318,1),(2493,1),(1074,1),(1269,1),(2192,1),(572,1),(1481,1),(1830,1),(1519,1),(2222,1)	
on (2549,1),(1409,1),(1526,1),(1870,1),(2211,1),(2468,1)	
or (374,1),(947,1),(1438,1),(1566,1),(1779,1)	
ordered-set (850,1),(975,1),(1912,1),(2102,1),(2179,1),(2612,1),(315,1),(715,1)	
per (1661,1)	
prefix-sum (2281,1),(2483,1),(1442,1),(1589,1),(1420,1),(1732,1),(1893,1),(2025,1),(528,1),(1109,1),(1314,1),(410,1),(1703,1),(209,1),(1871,1),(2256,1),(2270,1),(304,1),(1208,1),(1310,1),(238,1),(2528,1),(560,1),(1413,1),(2106,1),(2391,1),(1930,1),(2209,1),(2171,1),(2245,1)	
probability-and-statistics (1227,1)	
queue (341,1),(862,1),(918,1),(1438,1),(1687,1),(1823,1),(2071,1),(239,1),(2398,1),(936,1),(950,1)	
quickselect (2343,1)	
radix-sort (2343,1)	
randomized (1515,1),(381,1)	
recursion (326,1),(894,1),(1545,1),(2212,1),(234,1),(241,1),(2487,1)	
reservoir-sampling (398,1),(497,1)	
rolling-hash (1044,1),(1147,1),(1316,1),(1392,1),(214,1),(2261,1),(2430,1)	
segment-tree (2179,1),(2407,1),(315,1),(715,1),(850,1),(1505,1),(1622,1)	
shell (195,1)	
shortest-path (1334,1),(1514,1),(1976,1),(2045,1),(2203,1),(2290,1),(2577,1)	
simulation (1409,1),(1441,1),(415,1),(2028,1),(2549,1),(844,1),(2295,1),(2482,1),(1041,1),(1706,1),(1823,1),(2181,1),(657,1),(2596,1),(682,1),(749,1),(1801,1),(2105,1),(2138,1),(2365,1),(2460,1),(950,1),(1324,1),(2149,1),(2390,1),(59,1),(1599,1),(1603,1),(2075,1),(2303,1),(495,1),(1562,1),(2109,1)	
sliding-window (2398,1),(862,1),(1438,1),(1658,1),(2024,1),(2134,1),(239,1),(837,1),(1423,1),(1984,1),(2156,1),(2516,1),(480,1),(1052,1),(1610,1),(187,1),(220,1),(1456,1),(1838,1)	
sorting (1338,1),(1657,1),(1679,1),(1833,1),(2148,1),(2294,1),(658,1),(768,1),(786,1),(973,1),(977,1),(1040,1),(1356,1),(1547,1),(1697,1),(1998,1),(2092,1),(2386,1),(522,1),(1385,1),(1921,1),(2250,1),(2456,1),(2607,1),(922,1),(2122,1),(2225,1),(2342,1),(2412,1),(18,1),(1851,1),(2089,1),(2551,1),(621,1),(1051,1),(1451,1),(1491,1),(1877,1),(452,1),(1561,1),(1686,1),(2191,1),(2195,1),(324,1),(632,1),(2335,1),(2357,1),(1169,1),(148,1),(2144,1),(937,1),(2449,1),(2463,1),(2580,1),(870,1),(1433,1),(1727,1),(2070,1),(2441,1),(1859,1),(720,1),(881,1),(948,1),(1235,1),(1305,1),(2126,1),(368,1),(229,1),(757,1),(1187,1),(2500,1)	
stack (2434,1),(445,1),(856,1),(225,1),(2375,1),(735,1),(739,1),(768,1),(1190,1),(232,1),(591,1),(94,1),(1381,1),(1653,1),(2030,1),(456,1),(1008,1),(173,1),(32,1),(2104,1),(331,1),(496,1),(962,1),(1172,1),(144,1),(1598,1),(654,1),(1019,1),(155,1),(636,1)	
string (13,1),(1487,1),(2011,1),(71,1),(1366,1),(1410,1),(1436,1),(2062,1),(1234,1),(1528,1),(1784,1),(1850,1),(1869,1),(420,1),(68,1),(831,1),(273,1),(691,1),(424,1),(1278,1),(1542,1),(1209,1),(17,1),(2370,1),(794,1),(828,1),(842,1),(1447,1),(208,1),(2125,1),(2147,1),(2484,1),(2194,1),(2264,1),(336,1),(402,1),(567,1),(648,1),(1461,1),(1689,1),(2437,1),(1832,1),(541,1),(736,1),(1946,1),(839,1),(916,1),(1531,1),(2103,1),(2514,1),(387,1),(2451,1),(824,1),(1032,1),(1773,1),(1807,1),(949,1),(2114,1),(2246,1),(2606,1),(482,1),(640,1),(1616,1),(1678,1),(1737,1),(1960,1),(6,1),(820,1),(1418,1),(1593,1),(1876,1),(2055,1),(2129,1),(2301,1),(394,1),(1061,1),(1106,1),(1704,1),(2000,1),(2565,1),(761,1),(2019,1),(592,1),(93,1),(1513,1),(1898,1),(1160,1),(1249,1),(468,1),(516,1),(2381,1),(680,1),(97,1),(981,1),(1638,1),(1935,1),(211,1),(2309,1),(1003,1),(1520,1),(677,1),(893,1),(1047,1),(127,1),(2224,1),(28,1),(721,1),(1957,1),(20,1),(318,1),(1663,1),(2213,1),(1021,1),(1759,1),(383,1),(806,1),(299,1),(556,1)	
string-matching (459,1),(572,1),(686,1),(796,1),(1023,1),(1397,1),(1764,1)	
than (1292,1),(1869,1)	
the (2640,1),(1371,1),(1823,2),(1838,1),(2145,1),(2215,1),(1779,1),(1827,1),(1962,1),(2170,1),(1317,1),(602,1),(2002,1),(2039,1),(2101,1),(2325,1),(943,1),(1896,1),(2024,1),(2086,1),(389,1),(587,1),(1283,1),(1801,1),(1991,1),(2545,1),(2644,1),(752,1),(1470,1),(1706,1),(2493,1),(2563,1),(2600,1),(1269,1),(1519,2),(1537,1),(1614,1),(2075,1)	
to (1038,1),(2208,1),(2244,1),(309,1),(473,1),(114,1),(1269,1),(1577,1),(1731,1),(2240,1),(2332,1),(2460,1),(1713,1),(1977,1),(8,1),(1074,1),(1434,2),(1438,1),(1830,1),(2064,1),(2633,1),(921,1),(1290,1),(1573,1),(1584,1),(1962,1),(1658,2),(1827,1),(2471,1),(1368,1),(1526,1),(1654,1),(2259,1),(2457,1),(2589,1),(1647,1),(1786,1),(2134,1),(2222,1),(1317,1),(1551,1),(1595,1),(462,1),(1320,1),(1870,1),(1896,1),(2127,2),(2280,1),(129,1),(1687,1),(2086,1),(2109,1),(2288,1),(1449,1),(1665,1),(1247,1),(1735,1),(2035,1),(2170,1),(657,1),(121,1),(2486,2),(1210,1),(1342,2),(2167,1),(2226,1),(2383,1),(2541,1),(2585,1)	
topological-sort (1857,1),(1916,1),(2050,1),(913,1)	
tree (100,1),(1080,1),(111,1),(236,1),(669,1),(1022,1),(2603,1),(508,1),(951,1),(98,1),(1367,1),(1569,1),(2236,1),(2368,1),(331,1),(515,1),(919,1),(1008,1),(1026,1),(1617,1),(2049,1),(2096,1),(2331,1),(988,1),(449,1),(687,1),(863,1),(427,1),(104,1),(108,1),(1110,1),(1161,1),(1932,1),(199,1),(2265,1),(834,1),(1305,1),(144,1),(173,1),(2467,1),(559,1),(94,1),(1448,1),(654,1),(889,1)	
trie (1268,1),(1316,1),(2261,1),(2416,1),(386,1),(676,1),(720,1),(14,1),(140,1)	
two-pointers (349,1),(532,1),(80,1),(826,1),(165,1),(1782,1),(2105,1),(2149,1),(1346,1),(19,1),(455,1),(653,1),(15,1),(1768,1),(2563,1),(925,1),(1023,1),(125,1),(26,1),(844,1),(1089,1),(143,1),(1537,1),(345,1),(2592,1),(763,1),(88,1),(11,1),(1508,1),(202,1),(2332,1),(2486,1),(392,1),(1577,1),(1793,1),(2130,1),(2406,1),(2035,1),(2570,1),(969,1)	
union-find (778,1),(1254,1),(1489,1),(1584,1),(1632,1),(2424,1),(2493,1),(547,1),(785,1),(947,1),(1559,1),(990,1)	
up (1449,1)	
using (225,1),(232,1)	
with (1844,1),(2573,1),(357,1),(1129,1),(1239,1),(1293,1),(1301,1),(1514,1)	
